Historical Prices - DUNIEC - 00400010
From 31/05/2012 To 31/05/2017, Frequency: Daily

Date,Adjusted Closing Price,Closing Price (0.01 NIS),Change(%),Opening  Price,Base Price,High,Low,Capital Listed for Trading,Market Cap (NIS thousands),Turnover (NIS),Volume,Trans.,* Ex Type,Ex Coefficient,Index Adjusted No. of Shares (IANS),Index Adjusted Free Float Rate
29/05/2017,7021.0000,7021.0000,0.06,7017.0000,7017.0000,7149.0000,6600.0000,5117575,359305,921294,13324,135,,,5117575.00,
28/05/2017,7017.0000,7017.0000,-3.39,7263.0000,7263.0000,7241.0000,7010.0000,5117575,359100,231670,3262,43,,,5117575.00,
25/05/2017,7263.0000,7263.0000,-1.40,7366.0000,7366.0000,7397.0000,7210.0000,5117575,371689,330651,4521,46,,,5117575.00,
24/05/2017,7366.0000,7366.0000,0.31,7343.0000,7343.0000,7397.0000,7191.0000,5117575,376961,161229,2202,47,,,5117575.00,
23/05/2017,7343.0000,7343.0000,1.06,7266.0000,7266.0000,7399.0000,7120.0000,5117575,375784,221425,3053,51,,,5117575.00,
22/05/2017,7266.0000,7266.0000,3.67,7009.0000,7009.0000,7394.0000,7009.0000,5117575,371843,342846,4742,70,,,5117575.00,
21/05/2017,7009.0000,7009.0000,2.74,6822.0000,6822.0000,7169.0000,6871.0000,5117575,358691,168371,2407,36,,,5117575.00,
18/05/2017,6822.0000,6822.0000,-4.28,6913.0000,7127.0000,7394.0000,6653.0000,5117575,349121,634455,9202,100,,,5117575.00,
17/05/2017,7127.0000,7127.0000,-4.12,7433.0000,7433.0000,7400.0000,7100.0000,5117575,364730,436239,6069,92,,,5117575.00,
16/05/2017,7433.0000,7433.0000,-0.89,7500.0000,7500.0000,7588.0000,7261.0000,5117575,380389,284981,3806,62,,,5117575.00,
15/05/2017,7500.0000,7500.0000,1.16,7414.0000,7414.0000,7600.0000,7310.0000,5117575,383818,300652,3997,75,,,5117575.00,
14/05/2017,7414.0000,7414.0000,3.10,7191.0000,7191.0000,7624.0000,7236.0000,5117575,379417,535753,7225,85,,,5117575.00,
11/05/2017,7191.0000,7191.0000,1.30,7099.0000,7099.0000,7277.0000,7100.0000,5117575,368005,260928,3620,52,,,5117575.00,
10/05/2017,7099.0000,7099.0000,0.24,7082.0000,7082.0000,7200.0000,6900.0000,5117575,363297,597860,8490,74,,,5117575.00,
09/05/2017,7082.0000,7082.0000,1.90,7050.0000,6950.0000,7285.0000,7000.0000,5117575,362427,747497,10474,127,,,5117575.00,
08/05/2017,6950.0000,6950.0000,6.48,6580.0000,6527.0000,7020.0000,6524.0000,5117575,355671,1679257,24774,218,,,5117575.00,
07/05/2017,6527.0000,6527.0000,3.46,6409.0000,6309.0000,6562.0000,6251.0000,5117575,334024,592199,9274,96,,,5117575.00,
04/05/2017,6309.0000,6309.0000,-0.08,6314.0000,6314.0000,6494.0000,6208.0000,5117575,322868,641463,10152,91,,,5117575.00,
03/05/2017,6314.0000,6314.0000,-0.39,6310.0000,6339.0000,6348.0000,6130.0000,5117575,323124,897835,14461,143,,,5117575.00,
30/04/2017,6339.0000,6339.0000,-2.91,6590.0000,6529.0000,6590.0000,6334.0000,5117575,324403,507271,7971,78,,,5117575.00,
27/04/2017,6529.0000,6529.0000,-1.76,6600.0000,6646.0000,6600.0000,6502.0000,5117575,334126,565000,8659,98,,,5117575.00,
26/04/2017,6646.0000,6646.0000,-2.45,6676.0000,6813.0000,6975.0000,6634.0000,5117575,340114,524347,7808,108,,,5117575.00,
25/04/2017,6813.0000,6813.0000,-3.05,7027.0000,7027.0000,6956.0000,6750.0000,5117575,348660,706133,10343,118,,,5117575.00,
24/04/2017,7027.0000,7027.0000,-1.32,7121.0000,7121.0000,7298.0000,6970.0000,5117575,359612,560661,7880,73,,,5117575.00,
23/04/2017,7121.0000,7121.0000,-1.55,7233.0000,7233.0000,7299.0000,7052.0000,5117575,364423,292518,4114,52,,,5117575.00,
20/04/2017,7233.0000,7233.0000,-0.70,7270.0000,7284.0000,7342.0000,7102.0000,5117575,370154,479478,6656,82,,,5117575.00,
19/04/2017,7284.0000,7284.0000,-2.10,7440.0000,7440.0000,7588.0000,7268.0000,5117575,372764,725448,9882,111,,,5117575.00,
18/04/2017,7440.0000,7440.0000,-2.20,7607.0000,7607.0000,7723.0000,7292.0000,5117575,380748,209493,2795,52,,,5117575.00,
13/04/2017,7607.0000,7607.0000,-1.48,7721.0000,7721.0000,7800.0000,7600.0000,5117575,389294,271212,3541,51,,,5117575.00,
12/04/2017,7721.0000,7721.0000,0.89,7653.0000,7653.0000,7779.0000,7640.0000,5117575,395128,83341,1082,20,,,5117575.00,
09/04/2017,7653.0000,7653.0000,-0.69,7706.0000,7706.0000,7765.0000,7641.0000,5117575,391648,176475,2300,40,,,5117575.00,
06/04/2017,7706.0000,7706.0000,-0.05,7710.0000,7710.0000,7798.0000,7640.0000,5117575,394360,531227,6895,68,,,5117575.00,
05/04/2017,7710.0000,7710.0000,-1.62,7837.0000,7837.0000,7798.0000,7650.0000,5117575,394565,385054,4989,76,,,5117575.00,
04/04/2017,7837.0000,7837.0000,0.69,7783.0000,7783.0000,7919.0000,7638.0000,5117575,401064,336701,4351,78,,,5117575.00,
03/04/2017,7783.0000,7783.0000,-2.09,7949.0000,7949.0000,8097.0000,7744.0000,5117575,398301,589819,7405,96,,,5117575.00,
02/04/2017,7949.0000,7949.0000,0.62,7900.0000,7900.0000,8136.0000,7859.0000,5117575,406796,636666,8023,101,,,5117575.00,
30/03/2017,7900.0000,7900.0000,6.25,7435.0000,7435.0000,7930.0000,7400.0000,5117575,404288,1786878,23439,223,,,5117575.00,
29/03/2017,7435.0000,7435.0000,1.21,7590.0000,7346.0000,7590.0000,7307.0000,5117575,380492,540132,7290,86,,,5117575.00,
28/03/2017,7346.0000,7346.0000,0.51,7309.0000,7309.0000,7524.0000,7200.0000,5117575,375937,669295,9120,119,,,5117575.00,
27/03/2017,7309.0000,7309.0000,0.80,7251.0000,7251.0000,7600.0000,7107.0000,5117575,374044,603707,8351,97,,,5117575.00,
26/03/2017,7251.0000,7251.0000,-2.19,7355.0000,7413.0000,7414.0000,7160.0000,5117575,371075,412593,5640,54,,,5117575.00,
23/03/2017,7413.0000,7413.0000,0.23,7396.0000,7396.0000,7499.0000,7354.0000,5117575,379366,207479,2800,62,,,5117575.00,
22/03/2017,7396.0000,7396.0000,-1.15,7400.0000,7482.0000,7500.0000,7351.0000,5117575,378496,224381,3029,47,,,5117575.00,
21/03/2017,7482.0000,7482.0000,-1.25,7590.0000,7577.0000,7631.0000,7431.0000,5117575,382897,292217,3880,53,,,5117575.00,
20/03/2017,7577.0000,7577.0000,-0.28,7598.0000,7598.0000,7636.0000,7490.0000,5117575,387759,138296,1826,35,,,5117575.00,
19/03/2017,7598.0000,7598.0000,0.66,7531.0000,7548.0000,7679.0000,7422.0000,5117575,388833,110431,1456,36,,,5117575.00,
16/03/2017,7548.0000,7548.0000,0.23,7551.0000,7531.0000,7632.0000,7531.0000,5117575,386275,145755,1926,44,,,5117575.00,
15/03/2017,7531.0000,7531.0000,-2.71,7741.0000,7741.0000,7782.0000,7411.0000,5117575,385405,206245,2720,60,,,5117575.00,
14/03/2017,7741.0000,7741.0000,1.92,7709.0000,7595.0000,7822.0000,7686.0000,5117575,396151,581377,7488,98,,,5117575.00,
13/03/2017,7595.0000,7595.0000,-1.77,7732.0000,7732.0000,7730.0000,7562.0000,5117575,388680,554335,7246,80,,,5117575.00,
09/03/2017,7732.0000,7732.0000,1.19,7641.0000,7641.0000,7799.0000,7551.0000,5117575,395691,267216,3505,63,,,5117575.00,
08/03/2017,7641.0000,7641.0000,-0.47,7677.0000,7677.0000,7799.0000,7490.0000,5117575,391034,198347,2592,47,,,5117575.00,
07/03/2017,7677.0000,7677.0000,-1.20,7770.0000,7770.0000,7800.0000,7650.0000,5117575,392876,247681,3210,56,,,5117575.00,
06/03/2017,7770.0000,7770.0000,-0.75,7830.0000,7829.0000,7892.0000,7700.0000,5117575,397636,270229,3460,70,,,5117575.00,
05/03/2017,7829.0000,7829.0000,0.40,7798.0000,7798.0000,7900.0000,7800.0000,5117575,400655,242019,3083,37,,,5117575.00,
02/03/2017,7798.0000,7798.0000,-0.42,7831.0000,7831.0000,7892.0000,7748.0000,5117575,399069,833539,10653,83,,,5117575.00,
01/03/2017,7831.0000,7831.0000,1.65,7796.0000,7704.0000,7847.0000,7697.0000,5117575,400757,265459,3406,53,,,5117575.00,
28/02/2017,7704.0000,7704.0000,0.55,7670.0000,7662.0000,7799.0000,7670.0000,5117575,394258,454001,5872,82,,,5117575.00,
27/02/2017,7662.0000,7662.0000,-0.94,7735.0000,7735.0000,7950.0000,7250.0000,5117575,392109,726196,9447,113,,,5117575.00,
26/02/2017,7735.0000,7735.0000,2.11,7666.0000,7575.0000,7770.0000,7666.0000,5117575,395844,561707,7257,87,,,5117575.00,
23/02/2017,7575.0000,7575.0000,3.68,7306.0000,7306.0000,7769.0000,7306.0000,5117575,387656,1281295,16937,233,,,5117575.00,
22/02/2017,7306.0000,7306.0000,-0.75,7361.0000,7361.0000,7437.0000,7300.0000,5117575,373890,317948,4339,69,,,5117575.00,
21/02/2017,7361.0000,7361.0000,-1.81,7497.0000,7497.0000,7571.0000,7306.0000,5117575,376705,489370,6606,66,,,5117575.00,
20/02/2017,7497.0000,7497.0000,0.13,7500.0000,7487.0000,7648.0000,7450.0000,5117575,383665,387351,5152,78,,,5117575.00,
19/02/2017,7487.0000,7487.0000,2.27,7321.0000,7321.0000,7620.0000,7280.0000,5117575,383153,1165188,15549,114,,,5117575.00,
16/02/2017,7321.0000,7321.0000,-3.67,7600.0000,7600.0000,7798.0000,7321.0000,5117575,374658,809853,10818,126,,,5117575.00,
15/02/2017,7600.0000,7600.0000,-0.65,7650.0000,7650.0000,7750.0000,7550.0000,5117575,388936,491621,6456,86,,,5117575.00,
14/02/2017,7650.0000,7650.0000,-3.10,7895.0000,7895.0000,8004.0000,7600.0000,5117575,391494,902825,11622,105,,,5117575.00,
13/02/2017,7895.0000,7895.0000,-1.80,8020.0000,8040.0000,8093.0000,7768.0000,5117575,404033,1576506,19748,176,,,5117575.00,
12/02/2017,8040.0000,8040.0000,-0.74,8001.0000,8100.0000,8170.0000,7721.0000,5117575,411453,6602737,82750,504,,,5117575.00,
09/02/2017,8100.0000,8100.0000,9.16,7401.0000,7420.0000,8100.0000,7401.0000,5117575,414524,13477013,166761,158,,,,
08/02/2017,7420.0000,7420.0000,-2.28,7570.0000,7593.0000,7570.0000,7317.0000,5117575,379724,843372,11422,117,,,,
07/02/2017,7593.0000,7593.0000,-2.09,7755.0000,7755.0000,7755.0000,7575.0000,5117575,388577,402436,5273,71,,,,
06/02/2017,7755.0000,7755.0000,-1.19,7849.0000,7848.0000,7849.0000,7700.0000,5117575,396868,236810,3046,42,,,,
05/02/2017,7848.0000,7848.0000,1.99,7695.0000,7695.0000,7879.0000,7695.0000,5117575,401627,277524,3547,43,,,,
02/02/2017,7695.0000,7695.0000,1.99,7545.0000,7545.0000,7745.0000,7515.0000,5117575,393797,356245,4657,68,,,,
01/02/2017,7545.0000,7545.0000,-3.62,7820.0000,7828.0000,7820.0000,7499.0000,5117575,386121,581327,7657,77,,,,
31/01/2017,7828.0000,7828.0000,-0.29,7928.0000,7851.0000,7928.0000,7709.0000,5117575,400604,233548,2973,36,,,,
30/01/2017,7851.0000,7851.0000,0.80,7789.0000,7789.0000,7992.0000,7709.0000,5117575,401781,363041,4624,80,,,,
29/01/2017,7789.0000,7789.0000,1.20,7840.0000,7697.0000,7999.0000,7709.0000,5117575,398608,661029,8427,80,,,,
26/01/2017,7697.0000,7697.0000,1.92,7453.0000,7552.0000,7790.0000,7453.0000,5117575,393900,509643,6672,102,,,,
25/01/2017,7552.0000,7552.0000,2.58,7331.0000,7362.0000,7569.0000,7010.0000,5117575,386479,1387865,19114,229,,,,
24/01/2017,7362.0000,7362.0000,-5.98,7823.0000,7830.0000,7823.0000,7211.0000,5117575,376756,3046390,41095,348,,,,
23/01/2017,7830.0000,7830.0000,-6.66,8389.0000,8389.0000,8389.0000,7800.0000,5117575,400706,833505,10496,158,,,,
22/01/2017,8389.0000,8389.0000,-0.44,8411.0000,8426.0000,8593.0000,8350.0000,5117575,429313,457288,5429,52,,,,
19/01/2017,8426.0000,8426.0000,-3.77,8756.0000,8756.0000,8756.0000,8410.0000,5117575,431207,307436,3612,78,,,,
18/01/2017,8756.0000,8756.0000,-0.35,8800.0000,8787.0000,8850.0000,8722.0000,5117575,448095,342627,3897,63,EX D,0.98875,,
17/01/2017,8787.0213,8887.0000,0.52,8805.0000,8841.0000,8930.0000,8760.0000,5117575,454799,215553,2431,53,,,,
16/01/2017,8741.5388,8841.0000,1.05,8730.0000,8749.0000,8930.0000,8310.0000,5117575,452445,1011749,11536,120,,,,
15/01/2017,8650.5738,8749.0000,1.86,8917.0000,8589.0000,8917.0000,8550.0000,5117575,447737,879171,10088,111,,,,
12/01/2017,8492.3738,8589.0000,-5.61,9150.0000,9099.0000,9197.0000,8350.0000,5117575,439549,2248922,25753,260,,,,
11/01/2017,8996.6363,9099.0000,1.96,9070.0000,8924.0000,9188.0000,8966.0000,5117575,465648,4115944,45340,329,,,,
10/01/2017,8823.6050,8924.0000,1.63,8800.0000,8781.0000,9221.0000,8800.0000,5117575,456692,1876907,21024,210,,,,
09/01/2017,8682.2138,8781.0000,0.79,8835.0000,8712.0000,8835.0000,8740.0000,5117575,449374,1335034,15169,138,,,,
08/01/2017,8613.9900,8712.0000,0.95,8750.0000,8630.0000,8799.0000,8432.0000,5117575,445843,642930,7415,91,,,,
05/01/2017,8532.9125,8630.0000,2.41,8427.0000,8427.0000,8747.0000,8427.0000,5117575,441647,796389,9269,99,,,,
04/01/2017,8332.1963,8427.0000,1.97,8400.0000,8264.0000,8699.0000,8141.0000,5117575,431258,2161434,25498,236,,,,
03/01/2017,8171.0300,8264.0000,4.97,8029.0000,7873.0000,8397.0000,8029.0000,5117575,422916,1802090,22012,187,,,,
02/01/2017,7784.4288,7873.0000,4.15,7557.0000,7559.0000,7935.0000,7557.0000,5117575,402907,1309146,16874,125,,,,
01/01/2017,7473.9613,7559.0000,3.52,7490.0000,7302.0000,7569.0000,7375.0000,5117575,386837,445005,5948,64,,,,
29/12/2016,7219.8525,7302.0000,1.56,7205.0000,7190.0000,7488.0000,7200.0000,5117575,373685,664341,9125,86,,,,
28/12/2016,7109.1125,7190.0000,1.45,7087.0000,7087.0000,7210.0000,7087.0000,5117575,367954,559929,7860,49,,,,
27/12/2016,7007.2713,7087.0000,0.08,7149.0000,7081.0000,7149.0000,7062.0000,5117575,362683,448777,6322,49,,,,
26/12/2016,7001.3388,7081.0000,0.70,7050.0000,7032.0000,7145.0000,7031.0000,5117575,362375,230784,3255,37,,,,
25/12/2016,6952.8900,7032.0000,0.92,6968.0000,6968.0000,7041.0000,6977.0000,5117575,359868,100380,1428,17,,,,
22/12/2016,6889.6100,6968.0000,-0.29,7002.0000,6988.0000,7169.0000,6848.0000,5117575,356593,277640,3989,50,,,,
21/12/2016,6909.3850,6988.0000,-1.05,7062.0000,7062.0000,7199.0000,6848.0000,5117575,357616,345186,4871,60,,,,
20/12/2016,6982.5525,7062.0000,2.39,6998.0000,6897.0000,7200.0000,6986.0000,5117575,361403,493063,6972,78,,,,
19/12/2016,6819.4088,6897.0000,4.47,6659.0000,6602.0000,7098.0000,6659.0000,5117575,352959,664055,9769,99,,,,
18/12/2016,6527.7275,6602.0000,1.76,6488.0000,6488.0000,6675.0000,6505.0000,5117575,337862,179735,2721,36,,,,
15/12/2016,6415.0100,6488.0000,-2.27,6600.0000,6639.0000,6629.0000,6396.0000,5117575,332028,721439,11163,98,,,,
14/12/2016,6564.3113,6639.0000,-2.08,6700.0000,6780.0000,6738.0000,6601.0000,5117575,339756,931607,13922,85,,,,
13/12/2016,6703.7250,6780.0000,-1.21,6863.0000,6863.0000,6870.0000,6717.0000,5117575,346972,562901,8301,67,,,,
12/12/2016,6785.7913,6863.0000,-1.97,7084.0000,7001.0000,7084.0000,6840.0000,5117575,351219,817718,11802,95,,,,
11/12/2016,6922.2388,7001.0000,1.91,7008.0000,6870.0000,7079.0000,7000.0000,5117575,358281,649805,9254,78,,,,
08/12/2016,6792.7125,6870.0000,1.16,6800.0000,6791.0000,7039.0000,6795.0000,5117575,351577,1111274,16162,121,,,,
07/12/2016,6714.6013,6791.0000,-4.07,7159.0000,7079.0000,7159.0000,6764.0000,5117575,347535,1233853,17544,173,,,,
06/12/2016,6999.3613,7079.0000,0.27,7100.0000,7060.0000,7298.0000,6936.0000,5117575,362273,4277207,60016,455,,,,
05/12/2016,6980.5750,7060.0000,3.85,6800.0000,6798.0000,7098.0000,6798.0000,5117575,361301,2419404,34637,265,,,,
04/12/2016,6721.5225,6798.0000,7.97,6800.0000,6296.0000,7147.0000,6707.0000,5117575,347893,1668134,24434,235,,,,
01/12/2016,6225.1700,6296.0000,3.45,6086.0000,6086.0000,6393.0000,6125.0000,5117575,322203,419679,6737,43,,,,
30/11/2016,6017.5325,6086.0000,1.48,6000.0000,5997.0000,6121.0000,6000.0000,5117575,311456,247220,4061,41,,,,
29/11/2016,5929.5338,5997.0000,-0.94,6054.0000,6054.0000,6063.0000,5900.0000,5117575,306901,238437,3980,38,,,,
28/11/2016,5985.8925,6054.0000,5.65,5730.0000,5730.0000,6180.0000,5850.0000,5117575,309818,428824,7178,71,,,,
27/11/2016,5665.5375,5730.0000,0.10,5800.0000,5724.0000,5800.0000,5720.0000,5117575,293237,146513,2550,22,,,,
24/11/2016,5659.6050,5724.0000,-0.35,5744.0000,5744.0000,5850.0000,5605.0000,5117575,292930,135680,2385,24,,,,
23/11/2016,5679.3800,5744.0000,0.53,5746.0000,5714.0000,5747.0000,5600.0000,5117575,293954,280428,4921,36,,,,
22/11/2016,5649.7175,5714.0000,2.22,5730.0000,5590.0000,5733.0000,5646.0000,5117575,292418,611381,10736,83,,,,
21/11/2016,5527.1125,5590.0000,1.84,5699.0000,5489.0000,5790.0000,5544.0000,5117575,286072,1714784,30398,224,,,,
20/11/2016,5427.2488,5489.0000,8.54,5015.0000,5057.0000,5559.0000,5013.0000,5117575,280904,2960025,55845,332,,,,
17/11/2016,5000.1088,5057.0000,0.32,5041.0000,5041.0000,5057.0000,4970.0000,5117575,258796,167297,3311,9,,,,
16/11/2016,4984.2888,5041.0000,-0.14,5048.0000,5048.0000,5048.0000,5040.0000,5117575,257977,56848,1127,3,,,,
15/11/2016,4991.2100,5048.0000,-0.20,5058.0000,5058.0000,5048.0000,5048.0000,5117575,258335,4998,99,2,,,,
14/11/2016,5001.0975,5058.0000,3.44,4890.0000,4890.0000,5078.0000,5049.0000,5117575,258847,7081,140,2,,,,
13/11/2016,4834.9875,4890.0000,0.00,4890.0000,4890.0000,0.0000,0.0000,5117575,250249,0,0,0,,,,
10/11/2016,4834.9875,4890.0000,0.00,4890.0000,4890.0000,0.0000,0.0000,5117575,250249,0,0,0,,,,
09/11/2016,4834.9875,4890.0000,-0.69,4735.0000,4924.0000,4900.0000,4735.0000,5117575,250249,8606,176,3,,,,
08/11/2016,4868.6050,4924.0000,2.60,4799.0000,4799.0000,4983.0000,4786.0000,5117575,251989,2954,60,3,,,,
07/11/2016,4745.0113,4799.0000,3.81,4623.0000,4623.0000,4800.0000,4799.0000,5117575,245592,12382,258,3,,,,
06/11/2016,4570.9913,4623.0000,0.00,4623.0000,4623.0000,0.0000,0.0000,5117575,236585,0,0,0,,,,
03/11/2016,4570.9913,4623.0000,0.09,4796.0000,4619.0000,4796.0000,4796.0000,5117575,236585,48,1,1,,,,
02/11/2016,4567.0363,4619.0000,-3.87,4805.0000,4805.0000,4725.0000,4550.0000,5117575,236381,6928,150,3,,,,
01/11/2016,4750.9438,4805.0000,0.00,4805.0000,4805.0000,0.0000,0.0000,5117575,245899,0,0,0,,,,
31/10/2016,4750.9438,4805.0000,3.16,4658.0000,4658.0000,4850.0000,4480.0000,5117575,245899,115858,2444,15,,,,
30/10/2016,4605.5975,4658.0000,0.67,4627.0000,4627.0000,4750.0000,4627.0000,5117575,238377,46578,1000,3,,,,
27/10/2016,4574.9463,4627.0000,0.00,4627.0000,4627.0000,0.0000,0.0000,5117575,236790,0,0,0,,,,
26/10/2016,4574.9463,4627.0000,-2.38,4740.0000,4740.0000,4739.0000,4447.0000,5117575,236790,6570,142,4,,,,
25/10/2016,4686.6750,4740.0000,-0.48,4764.0000,4763.0000,4764.0000,4605.0000,5117575,242573,29338,619,5,,,,
20/10/2016,4709.4163,4763.0000,-0.29,4750.0000,4777.0000,4794.0000,4750.0000,5117575,243750,7096,149,3,,,,
19/10/2016,4723.2588,4777.0000,0.36,4760.0000,4760.0000,4800.0000,4760.0000,5117575,244467,52051,1091,7,,,,
18/10/2016,4706.4500,4760.0000,0.53,4735.0000,4735.0000,4760.0000,4760.0000,5117575,243597,39984,840,1,,,,
13/10/2016,4681.7313,4735.0000,-0.65,4766.0000,4766.0000,4799.0000,4720.0000,5117575,242317,12878,272,2,,,,
10/10/2016,4712.3825,4766.0000,-0.89,4849.0000,4809.0000,4849.0000,4761.0000,5117575,243904,48947,1021,9,,,,
09/10/2016,4754.8988,4809.0000,1.01,4761.0000,4761.0000,4890.0000,4759.0000,5117575,246104,30540,635,8,,,,
06/10/2016,4707.4388,4761.0000,0.00,4761.0000,4761.0000,4761.0000,4761.0000,5117575,243648,19996,420,1,,,,
05/10/2016,4707.4388,4761.0000,-0.61,4790.0000,4790.0000,4790.0000,4700.0000,5117575,243648,7427,156,3,,,,
29/09/2016,4736.1125,4790.0000,1.55,4717.0000,4717.0000,4799.0000,4777.0000,5117575,245132,13459,281,3,,,,
28/09/2016,4663.9338,4717.0000,3.53,4556.0000,4556.0000,4750.0000,4650.0000,5117575,241396,196079,4184,15,,,,
27/09/2016,4504.7450,4556.0000,-2.44,4650.0000,4670.0000,4650.0000,4472.0000,5117575,233157,33119,726,9,,,,
26/09/2016,4617.4625,4670.0000,1.74,4650.0000,4590.0000,4690.0000,4650.0000,5117575,238991,93447,2001,6,EX D,0.95825,,
25/09/2016,4538.3798,4790.0000,1.25,4731.0000,4731.0000,4800.0000,4780.0000,5117575,245132,72930,1524,9,,,,
22/09/2016,4482.4791,4731.0000,0.00,4731.0000,4731.0000,4750.0000,4670.0000,5117575,242112,107375,2270,6,,,,
21/09/2016,4482.4791,4731.0000,3.16,4586.0000,4586.0000,4899.0000,4610.0000,5117575,242112,201955,4316,14,,,,
20/09/2016,4345.0960,4586.0000,0.24,4575.0000,4575.0000,4690.0000,4575.0000,5117575,234692,37508,817,6,,,,
19/09/2016,4334.6739,4575.0000,0.11,4570.0000,4570.0000,4940.0000,4575.0000,5117575,234129,208298,4546,23,,,,
18/09/2016,4329.9365,4570.0000,-0.24,4581.0000,4581.0000,4570.0000,4532.0000,5117575,233873,120630,2642,6,,,,
15/09/2016,4340.3587,4581.0000,0.70,4549.0000,4549.0000,4583.0000,4569.0000,5117575,234436,17088,373,4,,,,
14/09/2016,4310.0397,4549.0000,-1.11,4600.0000,4600.0000,4584.0000,4545.0000,5117575,232798,53607,1178,8,,,,
13/09/2016,4358.3606,4600.0000,0.00,4600.0000,4600.0000,0.0000,0.0000,5117575,235408,0,0,0,,,,
12/09/2016,4358.3606,4600.0000,2.22,4500.0000,4500.0000,4600.0000,4600.0000,5117575,235408,2070,45,1,,,,
11/09/2016,4263.6136,4500.0000,2.37,4396.0000,4396.0000,4500.0000,4500.0000,5117575,230291,14580,324,4,,,,
08/09/2016,4165.0767,4396.0000,-5.46,4650.0000,4650.0000,4969.0000,4353.0000,5117575,224969,414623,8805,18,,,,
07/09/2016,4405.7340,4650.0000,0.00,4650.0000,4650.0000,4651.0000,4650.0000,5117575,237967,74217,1596,5,,,,
06/09/2016,4405.7340,4650.0000,-0.06,4653.0000,4653.0000,4650.0000,4649.0000,5117575,237967,7905,170,3,,,,
05/09/2016,4408.5765,4653.0000,0.48,4631.0000,4631.0000,4976.0000,4630.0000,5117575,238121,87091,1872,6,,,,
04/09/2016,4387.7322,4631.0000,1.87,4546.0000,4546.0000,4808.0000,4546.0000,5117575,236995,20516,443,5,,,,
01/09/2016,4307.1972,4546.0000,0.00,4546.0000,4546.0000,4546.0000,4546.0000,5117575,232645,68190,1500,5,,,,
31/08/2016,4307.1972,4546.0000,0.04,4544.0000,4544.0000,4600.0000,4500.0000,5117575,232645,5455,120,2,,,,
30/08/2016,4305.3023,4544.0000,5.97,4288.0000,4288.0000,4624.0000,4453.0000,5117575,232543,9997,220,4,,,,
29/08/2016,4062.7500,4288.0000,6.51,4026.0000,4026.0000,5072.0000,4026.0000,5117575,219442,103916,2547,15,,,,
28/08/2016,3814.5130,4026.0000,1.80,3955.0000,3955.0000,4026.0000,4026.0000,5117575,206034,2214,55,1,,,,
25/08/2016,3747.2427,3955.0000,0.13,3950.0000,3950.0000,4026.0000,3950.0000,5117575,202400,36540,924,2,,,,
24/08/2016,3742.5053,3950.0000,0.00,3950.0000,3950.0000,3950.0000,3950.0000,5117575,202144,3002,76,1,,,,
23/08/2016,3742.5053,3950.0000,2.36,3859.0000,3859.0000,3950.0000,3950.0000,5117575,202144,2173,55,1,,,,
22/08/2016,3656.2856,3859.0000,0.49,3840.0000,3840.0000,4026.0000,3840.0000,5117575,197487,37816,980,5,,,,
21/08/2016,3638.2836,3840.0000,0.00,3840.0000,3840.0000,3840.0000,3840.0000,5117575,196515,4992,130,1,,,,
18/08/2016,3638.2836,3840.0000,2.13,3760.0000,3760.0000,4043.0000,3760.0000,5117575,196515,253523,6708,17,,,,
17/08/2016,3562.4860,3760.0000,1.62,3700.0000,3700.0000,3773.0000,3630.0000,5117575,192421,12446,331,2,,,,
16/08/2016,3505.6378,3700.0000,-2.17,3782.0000,3782.0000,3700.0000,3700.0000,5117575,189350,104673,2829,4,,,,
15/08/2016,3583.3304,3782.0000,0.00,3782.0000,3782.0000,3782.0000,3782.0000,5117575,193547,38,1,1,,,,
11/08/2016,3583.3304,3782.0000,0.67,3757.0000,3757.0000,3900.0000,3756.0000,5117575,193547,11687,309,3,,,,
10/08/2016,3559.6437,3757.0000,0.40,3742.0000,3742.0000,3960.0000,3750.0000,5117575,192267,90023,2396,5,,,,
09/08/2016,3545.4316,3742.0000,1.41,3690.0000,3690.0000,3777.0000,3720.0000,5117575,191500,5425,145,2,,,,
08/08/2016,3496.1631,3690.0000,0.00,3690.0000,3690.0000,0.0000,0.0000,5117575,188839,0,0,0,,,,
07/08/2016,3496.1631,3690.0000,0.33,3678.0000,3678.0000,3690.0000,3690.0000,5117575,188839,9041,245,2,,,,
04/08/2016,3484.7935,3678.0000,1.94,3608.0000,3608.0000,3777.0000,3650.0000,5117575,188224,9085,247,2,,,,
03/08/2016,3418.4706,3608.0000,0.36,3595.0000,3595.0000,3658.0000,3595.0000,5117575,184642,9669,268,2,,,,
02/08/2016,3406.1536,3595.0000,6.58,3373.0000,3373.0000,3595.0000,3594.0000,5117575,183977,4421,123,2,,,,
01/08/2016,3195.8153,3373.0000,-7.31,3639.0000,3639.0000,3595.0000,3270.0000,5117575,172616,76878,2280,11,,,,
31/07/2016,3447.8422,3639.0000,0.44,3623.0000,3623.0000,3639.0000,3639.0000,5117575,186229,2475,68,1,,,,
28/07/2016,3432.6827,3623.0000,0.08,3620.0000,3620.0000,3639.0000,3619.0000,5117575,185410,12716,351,2,,,,
27/07/2016,3429.8403,3620.0000,-0.52,3620.0000,3639.0000,3620.0000,3620.0000,5117575,185256,38698,1069,3,,,,
26/07/2016,3447.8422,3639.0000,0.00,3639.0000,3639.0000,0.0000,0.0000,5117575,186229,0,0,0,,,,
25/07/2016,3447.8422,3639.0000,0.00,3639.0000,3639.0000,0.0000,0.0000,5117575,186229,0,0,0,,,,
24/07/2016,3447.8422,3639.0000,0.00,3639.0000,3639.0000,0.0000,0.0000,5117575,186229,0,0,0,,,,
21/07/2016,3447.8422,3639.0000,0.00,3639.0000,3639.0000,0.0000,0.0000,5117575,186229,0,0,0,,,,
20/07/2016,3447.8422,3639.0000,0.00,3639.0000,3639.0000,3639.0000,3637.0000,5117575,186229,122846,3376,4,,,,
19/07/2016,3447.8422,3639.0000,0.00,3639.0000,3639.0000,0.0000,0.0000,5117575,186229,0,0,0,,,,
18/07/2016,3447.8422,3639.0000,0.00,3639.0000,3639.0000,0.0000,0.0000,5117575,186229,0,0,0,,,,
17/07/2016,3447.8422,3639.0000,1.00,3603.0000,3603.0000,3639.0000,3639.0000,5117575,186229,2475,68,1,,,,
14/07/2016,3413.7333,3603.0000,7.36,3356.0000,3356.0000,3675.0000,3484.0000,5117575,184386,8431,234,3,,,,
13/07/2016,3179.7083,3356.0000,0.27,3347.0000,3347.0000,3477.0000,3347.0000,5117575,171746,64020,1910,6,,,,
12/07/2016,3171.1811,3347.0000,0.00,3347.0000,3347.0000,0.0000,0.0000,5117575,171285,0,0,0,,,,
11/07/2016,3171.1811,3347.0000,0.00,3347.0000,3347.0000,0.0000,0.0000,5117575,171285,0,0,0,,,,
10/07/2016,3171.1811,3347.0000,4.37,3207.0000,3207.0000,3355.0000,3330.0000,5117575,171285,6827,204,3,,,,
07/07/2016,3038.5353,3207.0000,1.97,3145.0000,3145.0000,3207.0000,3207.0000,5117575,164121,2181,68,1,,,,
06/07/2016,2979.7922,3145.0000,-1.93,3207.0000,3207.0000,3207.0000,3115.0000,5117575,160948,9686,308,3,,,,
05/07/2016,3038.5353,3207.0000,3.85,3088.0000,3088.0000,3344.0000,3088.0000,5117575,164121,35536,1108,8,,,,
04/07/2016,2925.7864,3088.0000,4.32,2960.0000,2960.0000,3101.0000,3074.0000,5117575,158031,4385,142,3,,,,
03/07/2016,2804.5103,2960.0000,0.00,2960.0000,2960.0000,0.0000,0.0000,5117575,151480,0,0,0,,,,
30/06/2016,2804.5103,2960.0000,0.00,2960.0000,2960.0000,0.0000,0.0000,5117575,151480,0,0,0,,,,
29/06/2016,2804.5103,2960.0000,0.00,2960.0000,2960.0000,0.0000,0.0000,5117575,151480,0,0,0,,,,
28/06/2016,2804.5103,2960.0000,0.00,2960.0000,2960.0000,0.0000,0.0000,5117575,151480,0,0,0,,,,
27/06/2016,2804.5103,2960.0000,0.00,2960.0000,2960.0000,0.0000,0.0000,5117575,151480,0,0,0,,,,
26/06/2016,2804.5103,2960.0000,-3.83,3078.0000,3078.0000,2960.0000,2960.0000,5117575,151480,1954,66,1,,,,
23/06/2016,2916.3117,3078.0000,0.00,3078.0000,3078.0000,0.0000,0.0000,5117575,157519,0,0,0,,,,
22/06/2016,2916.3117,3078.0000,0.00,3078.0000,3078.0000,0.0000,0.0000,5117575,157519,0,0,0,,,,
21/06/2016,2916.3117,3078.0000,0.00,3078.0000,3078.0000,0.0000,0.0000,5117575,157519,0,0,0,,,,
20/06/2016,2916.3117,3078.0000,0.00,3078.0000,3078.0000,0.0000,0.0000,5117575,157519,0,0,0,,,,
19/06/2016,2916.3117,3078.0000,0.00,3078.0000,3078.0000,0.0000,0.0000,5117575,157519,0,0,0,,,,
16/06/2016,2916.3117,3078.0000,-0.90,3106.0000,3106.0000,3078.0000,3078.0000,5117575,157519,4986,162,1,,,,
15/06/2016,2942.8408,3106.0000,0.00,3106.0000,3106.0000,0.0000,0.0000,5117575,158952,0,0,0,,,,
14/06/2016,2942.8408,3106.0000,0.00,3106.0000,3106.0000,3106.0000,3106.0000,5117575,158952,7144,230,1,,,,
13/06/2016,2942.8408,3106.0000,0.36,3095.0000,3095.0000,3106.0000,3105.0000,5117575,158952,60131,1936,3,,,,
09/06/2016,2932.4187,3095.0000,0.03,3094.0000,3094.0000,3100.0000,3089.0000,5117575,158389,14979,484,3,,,,
08/06/2016,2931.4712,3094.0000,0.00,3094.0000,3094.0000,0.0000,0.0000,5117575,158338,0,0,0,,,,
07/06/2016,2931.4712,3094.0000,0.00,3094.0000,3094.0000,0.0000,0.0000,5117575,158338,0,0,0,,,,
06/06/2016,2931.4712,3094.0000,0.00,3094.0000,3094.0000,0.0000,0.0000,5117575,158338,0,0,0,,,,
05/06/2016,2931.4712,3094.0000,0.00,3094.0000,3094.0000,3094.0000,3094.0000,5117575,158338,2785,90,1,,,,
02/06/2016,2931.4712,3094.0000,3.13,3000.0000,3000.0000,3094.0000,3094.0000,5117575,158338,2042,66,1,,,,
01/06/2016,2842.4091,3000.0000,-1.45,3044.0000,3044.0000,3000.0000,3000.0000,5117575,153527,20670,689,3,,,,
31/05/2016,2884.0977,3044.0000,0.00,3044.0000,3044.0000,0.0000,0.0000,5117575,155779,0,0,0,,,,
30/05/2016,2884.0977,3044.0000,1.16,3009.0000,3009.0000,3098.0000,2907.0000,5117575,155779,116428,3832,6,,,,
29/05/2016,2850.9363,3009.0000,0.97,2980.0000,2980.0000,3009.0000,3009.0000,5117575,153988,14533,483,1,,,,
26/05/2016,2823.4597,2980.0000,-0.70,3001.0000,3001.0000,3001.0000,2900.0000,5117575,152504,4351,146,2,,,,
25/05/2016,2843.3566,3001.0000,2.60,3037.0000,2925.0000,3037.0000,3000.0000,5117575,153578,1980,66,2,,,,
24/05/2016,2771.3489,2925.0000,0.58,3020.0000,2908.0000,3020.0000,2906.0000,5117575,149689,1630,56,3,,,,
23/05/2016,2755.2419,2908.0000,0.07,3018.0000,2906.0000,3018.0000,3018.0000,5117575,148819,30,1,1,,,,
22/05/2016,2753.3469,2906.0000,0.07,2904.0000,2904.0000,3058.0000,3058.0000,5117575,148717,31,1,1,,,,
19/05/2016,2751.4520,2904.0000,0.03,2989.0000,2903.0000,2989.0000,2989.0000,5117575,148614,30,1,1,,,,
18/05/2016,2750.5046,2903.0000,0.07,3012.0000,2901.0000,3012.0000,3012.0000,5117575,148563,30,1,1,,,,
17/05/2016,2748.6096,2901.0000,0.00,2901.0000,2901.0000,0.0000,0.0000,5117575,148461,0,0,0,,,,
16/05/2016,2748.6096,2901.0000,0.03,2984.0000,2900.0000,2984.0000,2984.0000,5117575,148461,30,1,1,,,,
15/05/2016,2747.6621,2900.0000,0.03,2899.0000,2899.0000,2969.0000,2899.0000,5117575,148410,5857,202,3,,,,
10/05/2016,2746.7147,2899.0000,0.00,2899.0000,2899.0000,0.0000,0.0000,5117575,148359,0,0,0,,,,
09/05/2016,2746.7147,2899.0000,1.01,2980.0000,2870.0000,2980.0000,2866.0000,5117575,148359,11625,401,3,,,,
08/05/2016,2719.2380,2870.0000,-0.03,2899.0000,2871.0000,2899.0000,2870.0000,5117575,146874,8783,306,2,,,,
05/05/2016,2720.1855,2871.0000,5.28,2800.0000,2727.0000,2895.0000,2800.0000,5117575,146926,8986,313,5,,,,
04/05/2016,2583.7499,2727.0000,4.04,2722.0000,2621.0000,2879.0000,2722.0000,5117575,139556,1827,67,3,,,,
03/05/2016,2483.3181,2621.0000,-11.84,2871.0000,2973.0000,3077.0000,2600.0000,5117575,134132,85572,3137,20,,,,
02/05/2016,2816.8274,2973.0000,-3.97,3096.0000,3096.0000,2978.0000,2971.0000,5117575,152146,5768,194,2,,,,
01/05/2016,2933.3662,3096.0000,0.00,3096.0000,3096.0000,0.0000,0.0000,5117575,158440,0,0,0,,,,
27/04/2016,2933.3662,3096.0000,0.00,3096.0000,3096.0000,0.0000,0.0000,5117575,158440,0,0,0,,,,
26/04/2016,2933.3662,3096.0000,0.00,3096.0000,3096.0000,0.0000,0.0000,5117575,158440,0,0,0,,,,
25/04/2016,2933.3662,3096.0000,0.00,3096.0000,3096.0000,0.0000,0.0000,5117575,158440,0,0,0,,,,
24/04/2016,2933.3662,3096.0000,0.03,3140.0000,3095.0000,3140.0000,3140.0000,5117575,158440,31,1,1,,,,
21/04/2016,2932.4187,3095.0000,0.06,3093.0000,3093.0000,3095.0000,3095.0000,5117575,158389,16156,522,4,,,,
20/04/2016,2930.5238,3093.0000,-0.19,3220.0000,3099.0000,3220.0000,3090.0000,5117575,158287,24158,781,2,,,,
19/04/2016,2936.2086,3099.0000,1.94,3040.0000,3040.0000,3099.0000,3099.0000,5117575,158594,12396,400,1,,,,
18/04/2016,2880.3079,3040.0000,0.00,3040.0000,3040.0000,0.0000,0.0000,5117575,155574,0,0,0,,,,
17/04/2016,2880.3079,3040.0000,1.03,3009.0000,3009.0000,3220.0000,3039.0000,5117575,155574,107960,3499,10,,,,
14/04/2016,2850.9363,3009.0000,0.00,3009.0000,3009.0000,0.0000,0.0000,5117575,153988,0,0,0,,,,
13/04/2016,2850.9363,3009.0000,0.00,3009.0000,3009.0000,0.0000,0.0000,5117575,153988,0,0,0,,,,
12/04/2016,2850.9363,3009.0000,1.07,2977.0000,2977.0000,3047.0000,2977.0000,5117575,153988,20553,683,4,,,,
11/04/2016,2820.6173,2977.0000,1.95,2920.0000,2920.0000,3047.0000,2920.0000,5117575,152350,13964,469,5,,,,
10/04/2016,2766.6115,2920.0000,-0.44,2933.0000,2933.0000,2920.0000,2920.0000,5117575,149433,2044,70,1,,,,
07/04/2016,2778.9286,2933.0000,0.00,2933.0000,2933.0000,0.0000,0.0000,5117575,150098,0,0,0,,,,
06/04/2016,2778.9286,2933.0000,-0.07,2935.0000,2935.0000,2921.0000,2921.0000,5117575,150098,234,8,1,,,,
05/04/2016,2780.8236,2935.0000,0.27,2950.0000,2927.0000,2950.0000,2950.0000,5117575,150201,708,24,1,,,,
04/04/2016,2773.2438,2927.0000,0.00,2927.0000,2927.0000,0.0000,0.0000,5117575,149791,0,0,0,,,,
03/04/2016,2773.2438,2927.0000,0.21,2921.0000,2921.0000,2950.0000,2921.0000,5117575,149791,14693,502,2,,,,
31/03/2016,2767.5590,2921.0000,0.69,2901.0000,2901.0000,2921.0000,2920.0000,5117575,149484,20065,687,2,,,,
30/03/2016,2748.6096,2901.0000,0.00,2901.0000,2901.0000,0.0000,0.0000,5117575,148461,0,0,0,,,,
29/03/2016,2748.6096,2901.0000,6.50,2724.0000,2724.0000,2939.0000,2830.0000,5117575,148461,6557,226,3,,,,
28/03/2016,2580.9074,2724.0000,0.00,2724.0000,2724.0000,0.0000,0.0000,5117575,139403,0,0,0,,,,
27/03/2016,2580.9074,2724.0000,0.00,2724.0000,2724.0000,0.0000,0.0000,5117575,139403,0,0,0,,,,
23/03/2016,2580.9074,2724.0000,0.00,2724.0000,2724.0000,0.0000,0.0000,5117575,139403,0,0,0,,,,
22/03/2016,2580.9074,2724.0000,0.00,2724.0000,2724.0000,0.0000,0.0000,5117575,139403,0,0,0,,,,
21/03/2016,2580.9074,2724.0000,0.00,2724.0000,2724.0000,0.0000,0.0000,5117575,139403,0,0,0,,,,
20/03/2016,2580.9074,2724.0000,0.00,2724.0000,2724.0000,0.0000,0.0000,5117575,139403,0,0,0,,,,
17/03/2016,2580.9074,2724.0000,0.78,2703.0000,2703.0000,2724.0000,2724.0000,5117575,139403,2724,100,1,,,,
16/03/2016,2561.0106,2703.0000,0.00,2703.0000,2703.0000,0.0000,0.0000,5117575,138328,0,0,0,,,,
15/03/2016,2561.0106,2703.0000,-2.94,2785.0000,2785.0000,2748.0000,2700.0000,5117575,138328,12487,462,5,,,,
14/03/2016,2638.7031,2785.0000,0.91,2760.0000,2760.0000,2785.0000,2785.0000,5117575,142524,2089,75,1,,,,
13/03/2016,2615.0163,2760.0000,-0.11,2763.0000,2763.0000,2780.0000,2748.0000,5117575,141245,33116,1200,4,,,,
10/03/2016,2617.8588,2763.0000,0.00,2763.0000,2763.0000,0.0000,0.0000,5117575,141399,0,0,0,,,,
09/03/2016,2617.8588,2763.0000,0.00,2763.0000,2763.0000,0.0000,0.0000,5117575,141399,0,0,0,,,,
08/03/2016,2617.8588,2763.0000,0.00,2763.0000,2763.0000,0.0000,0.0000,5117575,141399,0,0,0,,,,
07/03/2016,2617.8588,2763.0000,0.47,2760.0000,2750.0000,2768.0000,2760.0000,5117575,141399,52912,1916,5,,,,
06/03/2016,2605.5416,2750.0000,0.00,2750.0000,2750.0000,0.0000,0.0000,5117575,140733,0,0,0,,,,
03/03/2016,2605.5416,2750.0000,0.00,2750.0000,2750.0000,0.0000,0.0000,5117575,140733,0,0,0,,,,
02/03/2016,2605.5416,2750.0000,0.00,2750.0000,2750.0000,0.0000,0.0000,5117575,140733,0,0,0,,,,
01/03/2016,2605.5416,2750.0000,2.19,2691.0000,2691.0000,2750.0000,2750.0000,5117575,140733,2255,82,1,,,,
29/02/2016,2549.6410,2691.0000,0.00,2691.0000,2691.0000,0.0000,0.0000,5117575,137714,0,0,0,,,,
28/02/2016,2549.6410,2691.0000,0.00,2691.0000,2691.0000,0.0000,0.0000,5117575,137714,0,0,0,,,,
25/02/2016,2549.6410,2691.0000,0.00,2691.0000,2691.0000,0.0000,0.0000,5117575,137714,0,0,0,,,,
24/02/2016,2549.6410,2691.0000,0.00,2691.0000,2691.0000,0.0000,0.0000,5117575,137714,0,0,0,,,,
23/02/2016,2549.6410,2691.0000,0.00,2691.0000,2691.0000,0.0000,0.0000,5117575,137714,0,0,0,,,,
22/02/2016,2549.6410,2691.0000,-2.00,2746.0000,2746.0000,2755.0000,2641.0000,5117575,137714,7401,275,5,,,,
21/02/2016,2601.7518,2746.0000,1.89,2746.0000,2695.0000,2746.0000,2746.0000,5117575,140529,9995,364,1,,,,
18/02/2016,2553.4309,2695.0000,0.00,2695.0000,2695.0000,0.0000,0.0000,5117575,137919,0,0,0,,,,
17/02/2016,2553.4309,2695.0000,0.00,2695.0000,2695.0000,0.0000,0.0000,5117575,137919,0,0,0,,,,
16/02/2016,2553.4309,2695.0000,0.00,2695.0000,2695.0000,0.0000,0.0000,5117575,137919,0,0,0,,,,
15/02/2016,2553.4309,2695.0000,0.00,2695.0000,2695.0000,0.0000,0.0000,5117575,137919,0,0,0,,,,
14/02/2016,2553.4309,2695.0000,-1.79,2744.0000,2744.0000,2740.0000,2639.0000,5117575,137919,10080,374,3,,,,
11/02/2016,2599.8568,2744.0000,1.89,2693.0000,2693.0000,2746.0000,2535.0000,5117575,140426,44192,1610,7,,,,
10/02/2016,2551.5359,2693.0000,0.00,2693.0000,2693.0000,0.0000,0.0000,5117575,137816,0,0,0,,,,
09/02/2016,2551.5359,2693.0000,0.00,2693.0000,2693.0000,0.0000,0.0000,5117575,137816,0,0,0,,,,
08/02/2016,2551.5359,2693.0000,0.00,2693.0000,2693.0000,0.0000,0.0000,5117575,137816,0,0,0,,,,
07/02/2016,2551.5359,2693.0000,0.00,2693.0000,2693.0000,0.0000,0.0000,5117575,137816,0,0,0,,,,
04/02/2016,2551.5359,2693.0000,0.00,2693.0000,2693.0000,0.0000,0.0000,5117575,137816,0,0,0,,,,
03/02/2016,2551.5359,2693.0000,0.00,2693.0000,2693.0000,0.0000,0.0000,5117575,137816,0,0,0,,,,
02/02/2016,2551.5359,2693.0000,0.00,2693.0000,2693.0000,0.0000,0.0000,5117575,137816,0,0,0,,,,
01/02/2016,2551.5359,2693.0000,0.00,2693.0000,2693.0000,0.0000,0.0000,5117575,137816,0,0,0,,,,
31/01/2016,2551.5359,2693.0000,-0.22,2699.0000,2699.0000,2720.0000,2689.0000,5117575,137816,21945,815,5,,,,
28/01/2016,2557.2207,2699.0000,0.00,2699.0000,2699.0000,0.0000,0.0000,5117575,138123,0,0,0,,,,
27/01/2016,2557.2207,2699.0000,0.00,2699.0000,2699.0000,0.0000,0.0000,5117575,138123,0,0,0,,,,
26/01/2016,2557.2207,2699.0000,0.00,2699.0000,2699.0000,0.0000,0.0000,5117575,138123,0,0,0,,,,
25/01/2016,2557.2207,2699.0000,0.00,2699.0000,2699.0000,0.0000,0.0000,5117575,138123,0,0,0,,,,
24/01/2016,2557.2207,2699.0000,0.00,2699.0000,2699.0000,0.0000,0.0000,5117575,138123,0,0,0,,,,
21/01/2016,2557.2207,2699.0000,0.00,2699.0000,2699.0000,0.0000,0.0000,5117575,138123,0,0,0,,,,
20/01/2016,2557.2207,2699.0000,0.00,2699.0000,2699.0000,0.0000,0.0000,5117575,138123,0,0,0,,,,
19/01/2016,2557.2207,2699.0000,0.00,2699.0000,2699.0000,0.0000,0.0000,5117575,138123,0,0,0,,,,
18/01/2016,2557.2207,2699.0000,0.00,2699.0000,2699.0000,0.0000,0.0000,5117575,138123,0,0,0,,,,
17/01/2016,2557.2207,2699.0000,0.00,2699.0000,2699.0000,0.0000,0.0000,5117575,138123,0,0,0,,,,
14/01/2016,2557.2207,2699.0000,0.00,2699.0000,2699.0000,0.0000,0.0000,5117575,138123,0,0,0,,,,
13/01/2016,2557.2207,2699.0000,0.00,2699.0000,2699.0000,0.0000,0.0000,5117575,138123,0,0,0,,,,
12/01/2016,2557.2207,2699.0000,0.00,2699.0000,2699.0000,0.0000,0.0000,5117575,138123,0,0,0,,,,
11/01/2016,2557.2207,2699.0000,0.00,2699.0000,2699.0000,0.0000,0.0000,5117575,138123,0,0,0,,,,
10/01/2016,2557.2207,2699.0000,0.00,2699.0000,2699.0000,0.0000,0.0000,5117575,138123,0,0,0,,,,
07/01/2016,2557.2207,2699.0000,0.00,2699.0000,2699.0000,0.0000,0.0000,5117575,138123,0,0,0,,,,
06/01/2016,2557.2207,2699.0000,0.22,2693.0000,2693.0000,2699.0000,2699.0000,5117575,138123,7503,278,1,,,,
05/01/2016,2551.5359,2693.0000,0.00,2693.0000,2693.0000,0.0000,0.0000,5117575,137816,0,0,0,,,,
04/01/2016,2551.5359,2693.0000,0.00,2693.0000,2693.0000,0.0000,0.0000,5117575,137816,0,0,0,,,,
03/01/2016,2551.5359,2693.0000,0.00,2693.0000,2693.0000,0.0000,0.0000,5117575,137816,0,0,0,,,,
31/12/2015,2551.5359,2693.0000,0.00,2693.0000,2693.0000,0.0000,0.0000,5117575,137816,0,0,0,,,,
30/12/2015,2551.5359,2693.0000,0.00,2693.0000,2693.0000,0.0000,0.0000,5117575,137816,0,0,0,,,,
29/12/2015,2551.5359,2693.0000,2.05,2639.0000,2639.0000,2699.0000,2639.0000,5117575,137816,2370,88,2,,,,
28/12/2015,2500.3726,2639.0000,2.64,2571.0000,2571.0000,2700.0000,2623.0000,5117575,135053,11637,441,6,,,,
27/12/2015,2435.9446,2571.0000,0.19,2566.0000,2566.0000,2573.0000,2566.0000,5117575,131573,67153,2612,6,,,,
24/12/2015,2431.2072,2566.0000,-0.62,2570.0000,2582.0000,2570.0000,2565.0000,5117575,131317,5003,195,2,,,,
23/12/2015,2446.3667,2582.0000,6.39,2427.0000,2427.0000,2699.0000,2427.0000,5117575,132136,14203,550,9,,,,
22/12/2015,2299.5090,2427.0000,-11.00,2727.0000,2727.0000,2630.0000,2400.0000,5117575,124204,18034,743,5,,,,
21/12/2015,2583.7499,2727.0000,0.00,2727.0000,2727.0000,0.0000,0.0000,5117575,139556,0,0,0,,,,
20/12/2015,2583.7499,2727.0000,2.29,2666.0000,2666.0000,2727.0000,2726.0000,5117575,139556,4362,160,2,,,,
17/12/2015,2525.9542,2666.0000,0.19,2661.0000,2661.0000,2700.0000,2547.0000,5117575,136435,27057,1015,6,,,,
16/12/2015,2521.2169,2661.0000,2.70,2591.0000,2591.0000,2690.0000,2527.0000,5117575,136179,17060,641,7,,,,
15/12/2015,2454.8940,2591.0000,2.82,2520.0000,2520.0000,2660.0000,2497.0000,5117575,132596,46500,1796,7,,,,
14/12/2015,2387.6236,2520.0000,4.87,2403.0000,2403.0000,2595.0000,2455.0000,5117575,128963,1214229,48299,91,,,5117575.00,
13/12/2015,2276.7697,2403.0000,-3.76,2497.0000,2497.0000,2552.0000,2311.0000,5117575,122975,885175,36070,101,,,5117575.00,
10/12/2015,2365.8319,2497.0000,-2.84,2570.0000,2570.0000,2560.0000,2480.0000,5117575,127786,29086,1165,4,,,5117575.00,
09/12/2015,2434.9971,2570.0000,-3.02,2650.0000,2650.0000,2570.0000,2570.0000,5117575,131522,16705,650,1,,,5117575.00,
08/12/2015,2510.7947,2650.0000,1.65,2607.0000,2607.0000,2650.0000,2598.0000,5117575,135616,129831,4905,4,,,5117575.00,
07/12/2015,2470.0535,2607.0000,7.24,2431.0000,2431.0000,2625.0000,2401.0000,5117575,133415,132409,5082,11,,,5117575.00,
06/12/2015,2303.2989,2431.0000,-3.84,2528.0000,2528.0000,2431.0000,2431.0000,5117575,124408,2285,94,2,,,5117575.00,
03/12/2015,2395.2034,2528.0000,4.68,2415.0000,2415.0000,2570.0000,2508.0000,5117575,129372,11251,445,4,,,5117575.00,
02/12/2015,2288.1393,2415.0000,0.84,2395.0000,2395.0000,2570.0000,2304.0000,5117575,123589,43144,1790,9,,,5117575.00,
01/12/2015,2269.1900,2395.0000,-4.88,2518.0000,2518.0000,2487.0000,2301.0000,5117575,122566,5747,240,3,,,5117575.00,
30/11/2015,2385.7287,2518.0000,3.84,2425.0000,2425.0000,2518.0000,2518.0000,5117575,128861,8083,321,3,,,5117575.00,
29/11/2015,2297.6140,2425.0000,5.07,2308.0000,2308.0000,2546.0000,2400.0000,5117575,124101,11882,490,4,,,5117575.00,
26/11/2015,2186.7600,2308.0000,-3.59,2394.0000,2394.0000,2400.0000,2253.0000,5117575,118114,34086,1474,7,,,5117575.00,
25/11/2015,2268.2424,2394.0000,0.17,2390.0000,2390.0000,2394.0000,2394.0000,5117575,122515,9672,404,2,,,5117575.00,
24/11/2015,2264.4526,2390.0000,0.00,2390.0000,2390.0000,0.0000,0.0000,5117575,122310,0,0,0,,,5117575.00,
23/11/2015,2264.4526,2390.0000,-3.75,2483.0000,2483.0000,2483.0000,2312.0000,5117575,122310,15317,641,9,,,5117575.00,
22/11/2015,2352.5673,2483.0000,0.00,2483.0000,2483.0000,0.0000,0.0000,5117575,127069,0,0,0,,,5117575.00,
19/11/2015,2352.5673,2483.0000,0.00,2483.0000,2483.0000,0.0000,0.0000,5117575,127069,0,0,0,,,5117575.00,
18/11/2015,2352.5673,2483.0000,-0.40,2493.0000,2493.0000,2430.0000,2430.0000,5117575,127069,316,13,1,,,5117575.00,
17/11/2015,2362.0420,2493.0000,0.00,2493.0000,2493.0000,0.0000,0.0000,5117575,127581,0,0,0,,,5117575.00,
16/11/2015,2362.0420,2493.0000,0.00,2493.0000,2493.0000,0.0000,0.0000,5117575,127581,0,0,0,,,5117575.00,
15/11/2015,2362.0420,2493.0000,0.00,2493.0000,2493.0000,2493.0000,2493.0000,5117575,127581,175,7,1,,,5117575.00,
12/11/2015,2362.0420,2493.0000,0.00,2493.0000,2493.0000,0.0000,0.0000,5117575,127581,0,0,0,,,5117575.00,
11/11/2015,2362.0420,2493.0000,0.00,2493.0000,2493.0000,0.0000,0.0000,5117575,127581,0,0,0,,,5117575.00,
10/11/2015,2362.0420,2493.0000,0.00,2493.0000,2493.0000,2493.0000,2493.0000,5117575,127581,224,9,1,,,5117575.00,
09/11/2015,2362.0420,2493.0000,0.00,2493.0000,2493.0000,0.0000,0.0000,5117575,127581,0,0,0,,,5117575.00,
08/11/2015,2362.0420,2493.0000,0.00,2493.0000,2493.0000,0.0000,0.0000,5117575,127581,0,0,0,,,5117575.00,
05/11/2015,2362.0420,2493.0000,0.24,2487.0000,2487.0000,2498.0000,2498.0000,5117575,127581,1199,48,1,,,5117575.00,
04/11/2015,2356.3572,2487.0000,0.00,2487.0000,2487.0000,0.0000,0.0000,5117575,127274,0,0,0,,,5117575.00,
03/11/2015,2356.3572,2487.0000,0.00,2487.0000,2487.0000,0.0000,0.0000,5117575,127274,0,0,0,,,5117575.00,
02/11/2015,2356.3572,2487.0000,0.00,2487.0000,2487.0000,0.0000,0.0000,5117575,127274,0,0,0,,,5117575.00,
01/11/2015,2356.3572,2487.0000,2.22,2433.0000,2433.0000,2487.0000,2487.0000,5117575,127274,3283,132,1,,,5117575.00,
29/10/2015,2305.1938,2433.0000,-0.69,2450.0000,2450.0000,2402.0000,2402.0000,5117575,124511,673,28,1,,,5117575.00,
28/10/2015,2321.3007,2450.0000,0.00,2450.0000,2450.0000,0.0000,0.0000,5117575,125381,0,0,0,,,5117575.00,
27/10/2015,2321.3007,2450.0000,-1.72,2493.0000,2493.0000,2450.0000,2449.0000,5117575,125381,235218,9601,3,,,5117575.00,
26/10/2015,2362.0420,2493.0000,1.55,2455.0000,2455.0000,2493.0000,2493.0000,5117575,127581,2468,99,1,,,5117575.00,
25/10/2015,2326.0381,2455.0000,0.00,2455.0000,2455.0000,0.0000,0.0000,5117575,125636,0,0,0,,,5117575.00,
22/10/2015,2326.0381,2455.0000,-0.53,2468.0000,2468.0000,2420.0000,2420.0000,5117575,125636,508,21,1,,,5117575.00,
21/10/2015,2338.3552,2468.0000,0.00,2468.0000,2468.0000,0.0000,0.0000,5117575,126302,0,0,0,,,5117575.00,
20/10/2015,2338.3552,2468.0000,0.00,2468.0000,2468.0000,0.0000,0.0000,5117575,126302,0,0,0,,,5117575.00,
19/10/2015,2338.3552,2468.0000,0.00,2468.0000,2468.0000,0.0000,0.0000,5117575,126302,0,0,0,,,5117575.00,
18/10/2015,2338.3552,2468.0000,-0.60,2483.0000,2483.0000,2461.0000,2461.0000,5117575,126302,1329,54,1,,,5117575.00,
15/10/2015,2352.5673,2483.0000,0.40,2473.0000,2473.0000,2550.0000,2473.0000,5117575,127069,208377,8393,4,,,5117575.00,
14/10/2015,2343.0926,2473.0000,0.00,2473.0000,2473.0000,0.0000,0.0000,5117575,126558,0,0,0,,,5117575.00,
13/10/2015,2343.0926,2473.0000,0.00,2473.0000,2473.0000,0.0000,0.0000,5117575,126558,0,0,0,,,5117575.00,
12/10/2015,2343.0926,2473.0000,0.00,2473.0000,2473.0000,0.0000,0.0000,5117575,126558,0,0,0,,,5117575.00,
11/10/2015,2343.0926,2473.0000,-0.64,2489.0000,2489.0000,2440.0000,2440.0000,5117575,126558,610,25,2,,,5117575.00,
08/10/2015,2358.2521,2489.0000,-1.62,2530.0000,2530.0000,2450.0000,2450.0000,5117575,127376,980,40,2,,,5117575.00,
07/10/2015,2397.0983,2530.0000,0.00,2530.0000,2530.0000,0.0000,0.0000,5117575,129475,0,0,0,,,5117575.00,
06/10/2015,2397.0983,2530.0000,0.00,2530.0000,2530.0000,0.0000,0.0000,5117575,129475,0,0,0,,,5117575.00,
01/10/2015,2397.0983,2530.0000,0.00,2530.0000,2530.0000,0.0000,0.0000,5117575,129475,0,0,0,,,5117575.00,
30/09/2015,2397.0983,2530.0000,0.00,2530.0000,2530.0000,2530.0000,2530.0000,5117575,129475,278,11,1,,,5117575.00,
29/09/2015,2397.0983,2530.0000,0.00,2530.0000,2530.0000,0.0000,0.0000,5117575,129475,0,0,0,,,5117575.00,
24/09/2015,2397.0983,2530.0000,0.40,2520.0000,2520.0000,2549.0000,2549.0000,5117575,129475,688,27,2,,,5117575.00,
21/09/2015,2387.6236,2520.0000,0.00,2520.0000,2520.0000,0.0000,0.0000,5117575,128963,0,0,0,,,5117575.00,
20/09/2015,2387.6236,2520.0000,0.00,2520.0000,2520.0000,0.0000,0.0000,5117575,128963,0,0,0,,,5117575.00,
17/09/2015,2387.6236,2520.0000,-0.20,2525.0000,2525.0000,2549.0000,2510.0000,5117575,128963,31907,1266,5,,,5117575.00,
16/09/2015,2392.3610,2525.0000,0.00,2525.0000,2525.0000,0.0000,0.0000,5117575,129219,0,0,0,,,5117575.00,
10/09/2015,2392.3610,2525.0000,0.00,2525.0000,2525.0000,0.0000,0.0000,5117575,129219,0,0,0,,,5117575.00,
09/09/2015,2392.3610,2525.0000,1.41,2490.0000,2490.0000,2525.0000,2525.0000,5117575,129219,4974,197,2,,,5117575.00,
08/09/2015,2359.1995,2490.0000,-2.24,2490.0000,2547.0000,2490.0000,2490.0000,5117575,127428,67778,2722,1,,,5117575.00,
07/09/2015,2413.2053,2547.0000,0.00,2547.0000,2547.0000,2547.0000,2547.0000,5117575,130345,50940,2000,2,,,5117575.00,
06/09/2015,2413.2053,2547.0000,2.29,2490.0000,2490.0000,2550.0000,2515.0000,5117575,130345,30559,1200,3,,,5117575.00,
03/09/2015,2359.1995,2490.0000,0.00,2490.0000,2490.0000,0.0000,0.0000,5117575,127428,0,0,0,,,5117575.00,
02/09/2015,2359.1995,2490.0000,-0.32,2498.0000,2498.0000,2490.0000,2490.0000,5117575,127428,31424,1262,1,,,5117575.00,
01/09/2015,2366.7793,2498.0000,-0.08,2500.0000,2500.0000,2490.0000,2490.0000,5117575,127837,398,16,1,,,5117575.00,
31/08/2015,2368.6742,2500.0000,-0.56,2514.0000,2514.0000,2500.0000,2500.0000,5117575,127939,83025,3321,2,,,5117575.00,
30/08/2015,2381.9388,2514.0000,-8.58,2750.0000,2750.0000,2530.0000,2400.0000,5117575,128656,145078,5797,14,,,5117575.00,
27/08/2015,2605.5416,2750.0000,0.00,2750.0000,2750.0000,0.0000,0.0000,5117575,140733,0,0,0,,,5117575.00,
26/08/2015,2605.5416,2750.0000,0.00,2750.0000,2750.0000,0.0000,0.0000,5117575,140733,0,0,0,,,5117575.00,
25/08/2015,2605.5416,2750.0000,0.00,2750.0000,2750.0000,0.0000,0.0000,5117575,140733,0,0,0,,,5117575.00,
24/08/2015,2605.5416,2750.0000,0.00,2750.0000,2750.0000,0.0000,0.0000,5117575,140733,0,0,0,,,5117575.00,
23/08/2015,2605.5416,2750.0000,0.00,2750.0000,2750.0000,0.0000,0.0000,5117575,140733,0,0,0,,,5117575.00,
20/08/2015,2605.5416,2750.0000,0.00,2750.0000,2750.0000,0.0000,0.0000,5117575,140733,0,0,0,,,5117575.00,
19/08/2015,2605.5416,2750.0000,0.36,2740.0000,2740.0000,2750.0000,2750.0000,5117575,140733,8443,307,2,,,5117575.00,
18/08/2015,2596.0669,2740.0000,-0.36,2750.0000,2750.0000,2740.0000,2740.0000,5117575,140222,7946,290,1,,,5117575.00,
17/08/2015,2605.5416,2750.0000,0.00,2750.0000,2750.0000,0.0000,0.0000,5117575,140733,0,0,0,,,5117575.00,
16/08/2015,2605.5416,2750.0000,0.00,2750.0000,2750.0000,0.0000,0.0000,5117575,140733,0,0,0,,,5117575.00,
13/08/2015,2605.5416,2750.0000,17.02,2350.0000,2350.0000,2750.0000,2750.0000,5117575,140733,6875,250,2,,,5117575.00,
12/08/2015,2226.5538,2350.0000,0.00,2350.0000,2350.0000,0.0000,0.0000,5117575,120263,0,0,0,,,5117575.00,
11/08/2015,2226.5538,2350.0000,0.00,2350.0000,2350.0000,0.0000,0.0000,5117575,120263,0,0,0,,,5117575.00,
10/08/2015,2226.5538,2350.0000,0.00,2350.0000,2350.0000,2361.0000,2350.0000,5117575,120263,32549,1385,5,,,5117575.00,
09/08/2015,2226.5538,2350.0000,0.00,2350.0000,2350.0000,2351.0000,2350.0000,5117575,120263,8390,357,6,,,5117575.00,
06/08/2015,2226.5538,2350.0000,-2.12,2401.0000,2401.0000,2350.0000,2350.0000,5117575,120263,6862,292,3,,,5117575.00,
05/08/2015,2274.8748,2401.0000,0.00,2401.0000,2401.0000,0.0000,0.0000,5117575,122873,0,0,0,,,5117575.00,
04/08/2015,2274.8748,2401.0000,-2.48,2462.0000,2462.0000,2462.0000,2400.0000,5117575,122873,8836,368,2,,,5117575.00,
03/08/2015,2332.6704,2462.0000,0.00,2460.0000,2462.0000,2460.0000,2460.0000,5117575,125995,295,12,2,,,5117575.00,
02/08/2015,2332.6704,2462.0000,-0.08,2464.0000,2464.0000,2460.0000,2460.0000,5117575,125995,984,40,2,,,5117575.00,
30/07/2015,2334.5653,2464.0000,0.00,2464.0000,2464.0000,0.0000,0.0000,5117575,126097,0,0,0,,,5117575.00,
29/07/2015,2334.5653,2464.0000,-1.44,2500.0000,2500.0000,2450.0000,2450.0000,5117575,126097,1372,56,2,,,5117575.00,
28/07/2015,2368.6742,2500.0000,0.00,2500.0000,2500.0000,2500.0000,2500.0000,5117575,127939,25050,1002,2,,,5117575.00,
27/07/2015,2368.6742,2500.0000,-0.16,2504.0000,2504.0000,2504.0000,2500.0000,5117575,127939,15952,638,3,,,5117575.00,
23/07/2015,2372.4641,2504.0000,-2.07,2557.0000,2557.0000,2557.0000,2500.0000,5117575,128144,3731,149,4,,,5117575.00,
22/07/2015,2422.6800,2557.0000,0.00,2557.0000,2557.0000,0.0000,0.0000,5117575,130856,0,0,0,,,5117575.00,
21/07/2015,2422.6800,2557.0000,0.00,2557.0000,2557.0000,2557.0000,2557.0000,5117575,130856,77,3,1,,,5117575.00,
20/07/2015,2422.6800,2557.0000,1.55,2518.0000,2518.0000,2557.0000,2556.0000,5117575,130856,23189,907,2,,,5117575.00,
19/07/2015,2385.7287,2518.0000,-0.83,2539.0000,2539.0000,2500.0000,2500.0000,5117575,128861,1075,43,2,,,5117575.00,
16/07/2015,2405.6256,2539.0000,-0.12,2542.0000,2542.0000,2500.0000,2500.0000,5117575,129935,150,6,1,,,5117575.00,
15/07/2015,2408.4679,2542.0000,0.00,2542.0000,2542.0000,2542.0000,2542.0000,5117575,130089,51,2,2,,,5117575.00,
14/07/2015,2408.4679,2542.0000,-0.27,2500.0000,2549.0000,2548.0000,2500.0000,5117575,130089,1371,54,4,,,5117575.00,
13/07/2015,2415.1003,2549.0000,0.00,2549.0000,2549.0000,2549.0000,2549.0000,5117575,130447,892,35,1,,,5117575.00,
12/07/2015,2415.1003,2549.0000,-0.04,2550.0000,2550.0000,2555.0000,2500.0000,5117575,130447,9840,386,4,,,5117575.00,
09/07/2015,2416.0477,2550.0000,-0.86,2572.0000,2572.0000,2572.0000,2550.0000,5117575,130498,14842,582,3,,,5117575.00,
08/07/2015,2436.8920,2572.0000,0.00,2572.0000,2572.0000,2572.0000,2572.0000,5117575,131624,129,5,1,,,5117575.00,
07/07/2015,2436.8920,2572.0000,2.88,2700.0000,2500.0000,2700.0000,2502.0000,5117575,131624,6148,239,4,,,5117575.00,
06/07/2015,2368.6742,2500.0000,0.00,2500.0000,2500.0000,2500.0000,2500.0000,5117575,127939,2025,81,2,,,5117575.00,
05/07/2015,2368.6742,2500.0000,0.00,2500.0000,2500.0000,2500.0000,2500.0000,5117575,127939,1550,62,2,,,5117575.00,
02/07/2015,2368.6742,2500.0000,-1.96,2550.0000,2550.0000,2500.0000,2500.0000,5117575,127939,2100,84,2,,,5117575.00,
01/07/2015,2416.0477,2550.0000,0.00,2550.0000,2550.0000,0.0000,0.0000,5117575,130498,0,0,0,,,5117575.00,
30/06/2015,2416.0477,2550.0000,0.00,2550.0000,2550.0000,2550.0000,2550.0000,5117575,130498,3290,129,2,,,5117575.00,
29/06/2015,2416.0477,2550.0000,0.00,2550.0000,2550.0000,2550.0000,2550.0000,5117575,130498,5304,208,5,,,5117575.00,
28/06/2015,2416.0477,2550.0000,0.00,2550.0000,2550.0000,2550.0000,2550.0000,5117575,130498,2729,107,3,,,5117575.00,
25/06/2015,2416.0477,2550.0000,-3.77,2650.0000,2650.0000,2550.0000,2550.0000,5117575,130498,11501,451,4,,,5117575.00,
24/06/2015,2510.7947,2650.0000,-4.30,2769.0000,2769.0000,2650.0000,2650.0000,5117575,135616,18550,700,1,,,5117575.00,
23/06/2015,2623.5436,2769.0000,0.00,2769.0000,2769.0000,2769.0000,2769.0000,5117575,141706,55,2,1,,,5117575.00,
22/06/2015,2623.5436,2769.0000,0.00,2769.0000,2769.0000,0.0000,0.0000,5117575,141706,0,0,0,,,5117575.00,
21/06/2015,2623.5436,2769.0000,0.00,2769.0000,2769.0000,2769.0000,2769.0000,5117575,141706,28,1,1,,,5117575.00,
18/06/2015,2623.5436,2769.0000,0.00,2769.0000,2769.0000,2769.0000,2769.0000,5117575,141706,55,2,1,,,5117575.00,
17/06/2015,2623.5436,2769.0000,0.00,2769.0000,2769.0000,2769.0000,2769.0000,5117575,141706,111,4,1,,,5117575.00,
16/06/2015,2623.5436,2769.0000,1.21,2736.0000,2736.0000,2800.0000,2736.0000,5117575,141706,46100,1665,4,,,5117575.00,
15/06/2015,2592.2771,2736.0000,-2.29,2800.0000,2800.0000,2800.0000,2715.0000,5117575,140017,48435,1770,8,,,5117575.00,
14/06/2015,2652.9151,2800.0000,4.56,2678.0000,2678.0000,2800.0000,2800.0000,5117575,143292,292628,10451,7,,,5117575.00,
11/06/2015,2537.3238,2678.0000,1.13,2648.0000,2648.0000,2750.0000,2647.0000,5117575,137049,120463,4510,15,,,5117575.00,
10/06/2015,2508.8997,2648.0000,0.00,2648.0000,2648.0000,0.0000,0.0000,5117575,135513,0,0,0,,,5117575.00,
09/06/2015,2508.8997,2648.0000,0.00,2648.0000,2648.0000,2648.0000,2648.0000,5117575,135513,79,3,1,,,5117575.00,
08/06/2015,2508.8997,2648.0000,0.00,2648.0000,2648.0000,2648.0000,2648.0000,5117575,135513,159,6,1,,,5117575.00,
07/06/2015,2508.8997,2648.0000,0.00,2648.0000,2648.0000,2648.0000,2648.0000,5117575,135513,106,4,2,,,5117575.00,
04/06/2015,2508.8997,2648.0000,0.00,2648.0000,2648.0000,2649.0000,2649.0000,5117575,135513,159,6,1,,,5117575.00,
03/06/2015,2508.8997,2648.0000,-0.04,2649.0000,2649.0000,2649.0000,2648.0000,5117575,135513,3045,115,2,,,5117575.00,
02/06/2015,2509.8473,2649.0000,3.56,2558.0000,2558.0000,2649.0000,2649.0000,5117575,135565,7179,271,4,,,5117575.00,
01/06/2015,2423.6275,2558.0000,3.06,2482.0000,2482.0000,2559.0000,2550.0000,5117575,130908,18008,704,3,,,5117575.00,
31/05/2015,2351.6198,2482.0000,1.06,2456.0000,2456.0000,2567.0000,1947.0000,5117575,127018,45263,1826,11,,,5117575.00,
28/05/2015,2326.9856,2456.0000,-1.76,2500.0000,2500.0000,2500.0000,2430.0000,5117575,125688,20215,823,4,,,5117575.00,
27/05/2015,2368.6742,2500.0000,0.00,2500.0000,2500.0000,0.0000,0.0000,5117575,127939,0,0,0,,,5117575.00,
26/05/2015,2368.6742,2500.0000,0.00,2500.0000,2500.0000,0.0000,0.0000,5117575,127939,0,0,0,,,5117575.00,
25/05/2015,2368.6742,2500.0000,0.00,2500.0000,2500.0000,2500.0000,2500.0000,5117575,127939,50,2,1,,,5117575.00,
21/05/2015,2368.6742,2500.0000,0.00,2500.0000,2500.0000,2500.0000,2500.0000,5117575,127939,250,10,2,,,5117575.00,
20/05/2015,2368.6742,2500.0000,0.00,2500.0000,2500.0000,2500.0000,2500.0000,5117575,127939,1300,52,1,,,5117575.00,
19/05/2015,2368.6742,2500.0000,8.79,2298.0000,2298.0000,2500.0000,2499.0000,5117575,127939,18150,726,3,,,5117575.00,
18/05/2015,2177.2853,2298.0000,0.39,2289.0000,2289.0000,2307.0000,2290.0000,5117575,117602,61251,2663,5,,,5117575.00,
17/05/2015,2168.7582,2289.0000,5.29,2174.0000,2174.0000,2289.0000,2289.0000,5117575,117141,2106,92,1,,,5117575.00,
14/05/2015,2059.7991,2174.0000,-4.52,2277.0000,2277.0000,2200.0000,2102.0000,5117575,111256,44552,2054,7,,,5117575.00,
13/05/2015,2157.3885,2277.0000,0.00,2277.0000,2277.0000,0.0000,0.0000,5117575,116527,0,0,0,,,5117575.00,
12/05/2015,2157.3885,2277.0000,0.00,2277.0000,2277.0000,0.0000,0.0000,5117575,116527,0,0,0,,,5117575.00,
11/05/2015,2157.3885,2277.0000,0.00,2277.0000,2277.0000,0.0000,0.0000,5117575,116527,0,0,0,,,5117575.00,
10/05/2015,2157.3885,2277.0000,8.33,2102.0000,2102.0000,2277.0000,2277.0000,5117575,116527,2277,100,1,,,5117575.00,
07/05/2015,1991.5813,2102.0000,-8.53,2298.0000,2298.0000,2102.0000,2102.0000,5117575,107571,22681,1079,3,,,5117575.00,
06/05/2015,2177.2853,2298.0000,0.00,2298.0000,2298.0000,0.0000,0.0000,5117575,117602,0,0,0,,,5117575.00,
05/05/2015,2177.2853,2298.0000,0.00,2298.0000,2298.0000,0.0000,0.0000,5117575,117602,0,0,0,,,5117575.00,
04/05/2015,2177.2853,2298.0000,0.00,2298.0000,2298.0000,2298.0000,2298.0000,5117575,117602,92,4,1,,,5117575.00,
03/05/2015,2177.2853,2298.0000,0.00,2298.0000,2298.0000,2298.0000,2298.0000,5117575,117602,345,15,2,,,5117575.00,
30/04/2015,2177.2853,2298.0000,0.00,2298.0000,2298.0000,2298.0000,2298.0000,5117575,117602,345,15,1,,,5117575.00,
29/04/2015,2177.2853,2298.0000,0.00,2298.0000,2298.0000,2298.0000,2298.0000,5117575,117602,69,3,1,,,5117575.00,
28/04/2015,2177.2853,2298.0000,0.00,2298.0000,2298.0000,0.0000,0.0000,5117575,117602,0,0,0,,,5117575.00,
27/04/2015,2177.2853,2298.0000,0.00,2298.0000,2298.0000,2298.0000,2298.0000,5117575,117602,230,10,2,,,5117575.00,
26/04/2015,2177.2853,2298.0000,0.00,2298.0000,2298.0000,2298.0000,2298.0000,5117575,117602,69,3,2,,,5117575.00,
21/04/2015,2177.2853,2298.0000,7.94,2129.0000,2129.0000,2298.0000,2298.0000,5117575,117602,3585,156,6,,,5117575.00,
20/04/2015,2017.1630,2129.0000,0.00,2129.0000,2129.0000,0.0000,0.0000,5117575,108953,0,0,0,,,5117575.00,
19/04/2015,2017.1630,2129.0000,1.48,2098.0000,2098.0000,2200.0000,2050.0000,5117575,108953,28509,1339,5,,,5117575.00,
16/04/2015,1987.7914,2098.0000,-3.01,2163.0000,2163.0000,2163.0000,2001.0000,5117575,107367,15523,740,5,,,5117575.00,
15/04/2015,2049.3770,2163.0000,12.07,1930.0000,1930.0000,2280.0000,2030.0000,5117575,110693,13219,611,4,,,5117575.00,
14/04/2015,1828.6165,1930.0000,-1.98,1969.0000,1969.0000,1930.0000,1930.0000,5117575,98769,11638,603,4,,,5117575.00,
13/04/2015,1865.5679,1969.0000,1.76,1935.0000,1935.0000,1999.0000,1999.0000,5117575,100765,1000,50,2,,,5117575.00,
12/04/2015,1833.3539,1935.0000,2.38,1890.0000,1890.0000,1968.0000,1920.0000,5117575,99025,87339,4525,6,,,5117575.00,
08/04/2015,1790.7177,1890.0000,0.00,1890.0000,1890.0000,1891.0000,1890.0000,5117575,96722,28355,1500,5,,,5117575.00,
07/04/2015,1790.7177,1890.0000,0.00,1890.0000,1890.0000,1890.0000,1890.0000,5117575,96722,76,4,2,,,5117575.00,
06/04/2015,1790.7177,1890.0000,0.00,1890.0000,1890.0000,1890.0000,1890.0000,5117575,96722,48668,2575,3,,,5117575.00,
05/04/2015,1790.7177,1890.0000,0.05,1995.0000,1889.0000,1995.0000,1995.0000,5117575,96722,20,1,1,,,5117575.00,
02/04/2015,1789.7703,1889.0000,-11.98,2146.0000,2146.0000,2146.0000,1765.0000,5117575,96671,192286,10004,37,,,7590520.00,
01/04/2015,2033.2699,2146.0000,0.89,2277.0000,2127.0000,2277.0000,2277.0000,5117575,109823,273,12,2,,,7590520.00,
31/03/2015,2015.2681,2127.0000,0.00,2127.0000,2127.0000,2127.0000,2127.0000,5117575,108851,64,3,3,,,7590520.00,
30/03/2015,2015.2681,2127.0000,-2.16,2174.0000,2174.0000,2150.0000,2050.0000,5117575,108851,29607,1392,8,,,7590520.00,
29/03/2015,2059.7991,2174.0000,14.78,1894.0000,1894.0000,2200.0000,2125.0000,5117575,111256,112406,5249,10,,,7590520.00,
26/03/2015,1794.5076,1894.0000,0.00,1894.0000,1894.0000,0.0000,0.0000,5117575,96927,0,0,0,,,7590520.00,
25/03/2015,1794.5076,1894.0000,0.00,1894.0000,1894.0000,1894.0000,1894.0000,7596696,143881,246,13,2,,,7590520.00,
24/03/2015,1794.5076,1894.0000,0.00,1894.0000,1894.0000,0.0000,0.0000,7596696,143881,0,0,0,,,7590520.00,
23/03/2015,1794.5076,1894.0000,0.00,1894.0000,1894.0000,0.0000,0.0000,7596696,143881,0,0,0,,,7590520.00,
22/03/2015,1794.5076,1894.0000,1.01,1875.0000,1875.0000,1930.0000,1876.0000,7596696,143881,29872,1577,5,,,7590520.00,
19/03/2015,1776.5057,1875.0000,8.07,1735.0000,1735.0000,1876.0000,1875.0000,7596696,142438,3376,180,3,,,7590520.00,
18/03/2015,1643.8600,1735.0000,0.17,1732.0000,1732.0000,1800.0000,1732.0000,7596696,131803,1787,103,2,,,7590520.00,
16/03/2015,1641.0175,1732.0000,-1.14,1681.0000,1752.0000,1752.0000,1681.0000,7596696,131575,23866,1378,7,,,7590520.00,
15/03/2015,1659.9669,1752.0000,0.00,1752.0000,1752.0000,0.0000,0.0000,7596696,133094,0,0,0,,,7590520.00,
12/03/2015,1659.9669,1752.0000,-8.13,1907.0000,1907.0000,1860.0000,1750.0000,7596696,133094,143882,8130,20,,,7590520.00,
11/03/2015,1806.8247,1907.0000,-3.20,1970.0000,1970.0000,1908.0000,1900.0000,7596696,144869,9535,500,3,,,7590520.00,
10/03/2015,1866.5153,1970.0000,0.00,1970.0000,1970.0000,1970.0000,1970.0000,7596696,149655,6146,312,5,,,7590520.00,
09/03/2015,1866.5153,1970.0000,-3.76,2047.0000,2047.0000,1970.0000,1970.0000,7596696,149655,3920,199,1,,,7590520.00,
08/03/2015,1939.4705,2047.0000,0.00,2047.0000,2047.0000,0.0000,0.0000,7596696,155504,0,0,0,,,7590520.00,
04/03/2015,1939.4705,2047.0000,0.00,2047.0000,2047.0000,0.0000,0.0000,7596696,155504,0,0,0,,,7590520.00,
03/03/2015,1939.4705,2047.0000,0.00,2047.0000,2047.0000,0.0000,0.0000,7596696,155504,0,0,0,,,7590520.00,
02/03/2015,1939.4705,2047.0000,0.00,2047.0000,2047.0000,2048.0000,2048.0000,7596696,155504,758,37,2,,,7590520.00,
01/03/2015,1939.4705,2047.0000,0.05,2046.0000,2046.0000,2048.0000,2048.0000,7596696,155504,1249,61,3,,,7590520.00,
26/02/2015,1938.5230,2046.0000,1.64,2043.0000,2013.0000,2078.0000,2043.0000,7596696,155428,18740,916,5,,,7590520.00,
25/02/2015,1907.2565,2013.0000,5.23,2013.0000,1913.0000,2013.0000,2013.0000,7596696,152921,2013,100,1,,,7590520.00,
24/02/2015,1812.5096,1913.0000,-4.35,2000.0000,2000.0000,1914.0000,1913.0000,7596696,145325,8456,442,3,,,7590520.00,
23/02/2015,1894.9394,2000.0000,4.93,1906.0000,1906.0000,2000.0000,1920.0000,7596696,151934,100288,5015,5,,,7590520.00,
22/02/2015,1805.8772,1906.0000,-8.59,2085.0000,2085.0000,1906.0000,1906.0000,7596696,144793,3545,186,1,,,7590520.00,
19/02/2015,1975.4743,2085.0000,-1.65,2120.0000,2120.0000,2115.0000,2085.0000,7596696,158391,840000,40000,4,,,7590520.00,
18/02/2015,2008.6357,2120.0000,-3.64,2200.0000,2200.0000,2120.0000,2080.0000,7596696,161050,420000,20000,2,,,7590520.00,
17/02/2015,2084.4333,2200.0000,0.00,2200.0000,2200.0000,2200.0000,2200.0000,7596696,167127,66,3,1,,,7590520.00,
16/02/2015,2084.4333,2200.0000,0.00,2200.0000,2200.0000,2200.0000,2200.0000,7596696,167127,418,19,1,,,7590520.00,
15/02/2015,2084.4333,2200.0000,0.00,2200.0000,2200.0000,2200.0000,2200.0000,7596696,167127,396,18,2,,,7590520.00,
12/02/2015,2084.4333,2200.0000,3.97,2116.0000,2116.0000,2200.0000,2200.0000,7596696,167127,6600,300,1,,,7590520.00,
11/02/2015,2004.8459,2116.0000,0.00,2116.0000,2116.0000,2116.0000,2116.0000,7596696,160746,27804,1314,4,,,7590520.00,
10/02/2015,2004.8459,2116.0000,4.03,2034.0000,2034.0000,2198.0000,1902.0000,7596696,160746,1118,51,3,,,7590520.00,
09/02/2015,1927.1533,2034.0000,-0.83,2051.0000,2051.0000,2051.0000,1900.0000,7596696,154517,117946,5781,5,,,7590520.00,
08/02/2015,1943.2604,2051.0000,0.00,2051.0000,2051.0000,2051.0000,2051.0000,7596696,155808,213571,10413,5,,,7590520.00,
05/02/2015,1943.2604,2051.0000,0.00,2051.0000,2051.0000,2051.0000,2051.0000,7596696,155808,390,19,1,,,7590520.00,
04/02/2015,1943.2604,2051.0000,0.05,2050.0000,2050.0000,2055.0000,2051.0000,7596696,155808,53330,2600,4,,,7590520.00,
03/02/2015,1942.3129,2050.0000,-0.05,2051.0000,2051.0000,2050.0000,2050.0000,7596696,155732,13141,641,1,,,7590520.00,
02/02/2015,1943.2604,2051.0000,0.00,2051.0000,2051.0000,2051.0000,2051.0000,7596696,155808,51275,2500,1,,,7590520.00,
01/02/2015,1943.2604,2051.0000,0.05,2050.0000,2050.0000,2139.0000,2039.0000,7596696,155808,225685,11012,13,,,7590520.00,
29/01/2015,1942.3129,2050.0000,9.28,1876.0000,1876.0000,2050.0000,2050.0000,7596696,155732,2317,113,5,,,7590520.00,
28/01/2015,1777.4531,1876.0000,0.16,1873.0000,1873.0000,2059.0000,2059.0000,7596696,142514,41,2,2,,,7590520.00,
27/01/2015,1774.6108,1873.0000,-4.83,1968.0000,1968.0000,2232.0000,1835.0000,7596696,142286,33080,1766,20,,,7590520.00,
26/01/2015,1864.6203,1968.0000,-3.91,2048.0000,2048.0000,2250.0000,1905.0000,7596696,149503,12003,610,7,,,7590520.00,
25/01/2015,1940.4179,2048.0000,-0.58,2060.0000,2060.0000,2060.0000,2020.0000,7596696,155580,40976,2003,4,,,7590520.00,
22/01/2015,1951.7876,2060.0000,21.25,1878.0000,1699.0000,2499.0000,1779.0000,7596696,156492,202571,10395,55,,,7590520.00,
21/01/2015,1609.7510,1699.0000,-2.69,1648.0000,1746.0000,1705.0000,1648.0000,7596696,129068,2106,124,5,,,7590520.00,
20/01/2015,1654.2821,1746.0000,-8.54,1909.0000,1909.0000,1900.0000,1710.0000,7596696,132638,20900,1197,13,,,7590520.00,
19/01/2015,1808.7197,1909.0000,0.47,1900.0000,1900.0000,1950.0000,1846.0000,7596696,145021,7866,412,3,,,7590520.00,
18/01/2015,1800.1924,1900.0000,5.56,1830.0000,1800.0000,1950.0000,1830.0000,7596696,144337,390049,20421,16,,,7590520.00,
15/01/2015,1705.4454,1800.0000,4.05,1730.0000,1730.0000,1800.0000,1650.0000,7596696,136741,5526105,334001,11,,,7590520.00,
14/01/2015,1639.1226,1730.0000,0.00,1730.0000,1730.0000,1730.0000,1730.0000,7596696,131423,17,1,1,,,7590520.00,
13/01/2015,1639.1226,1730.0000,0.00,1730.0000,1730.0000,0.0000,0.0000,7596696,131423,0,0,0,,,7590520.00,
12/01/2015,1639.1226,1730.0000,2.25,1692.0000,1692.0000,1760.0000,1760.0000,7596696,131423,1091,62,1,,,7590520.00,
11/01/2015,1603.1187,1692.0000,0.00,1692.0000,1692.0000,1692.0000,1692.0000,7596696,128536,372,22,2,,,7590520.00,
08/01/2015,1603.1187,1692.0000,0.83,1678.0000,1678.0000,1710.0000,1710.0000,7596696,128536,838,49,3,,,7590520.00,
07/01/2015,1589.8541,1678.0000,0.00,1678.0000,1678.0000,1678.0000,1678.0000,7596696,127473,503,30,3,,,7590520.00,
06/01/2015,1589.8541,1678.0000,0.00,1678.0000,1678.0000,1678.0000,1678.0000,7596696,127473,151,9,2,,,7590520.00,
05/01/2015,1589.8541,1678.0000,-1.06,1696.0000,1696.0000,1696.0000,1632.0000,7596696,127473,3038,181,4,,,7590520.00,
04/01/2015,1606.9086,1696.0000,0.00,1696.0000,1696.0000,1696.0000,1696.0000,7596696,128840,390,23,3,,,7590520.00,
01/01/2015,1606.9086,1696.0000,-9.88,1882.0000,1882.0000,1868.0000,1655.0000,7596696,128840,22722,1340,13,,,7590520.00,
31/12/2014,1783.1380,1882.0000,1.29,1858.0000,1858.0000,1890.0000,1800.0000,7596696,142970,29084,1545,3,,,7590520.00,
30/12/2014,1760.3987,1858.0000,7.40,1650.0000,1730.0000,1890.0000,1650.0000,7596696,141147,22298,1200,5,,,7590520.00,
29/12/2014,1639.1226,1730.0000,-3.62,1795.0000,1795.0000,1795.0000,1720.0000,7596696,131423,9962,576,8,,,7590520.00,
28/12/2014,1700.7081,1795.0000,8.79,1650.0000,1650.0000,1795.0000,1794.0000,7596696,136361,13856,772,5,,,7590520.00,
25/12/2014,1563.3250,1650.0000,0.00,1650.0000,1650.0000,1650.0000,1650.0000,7596696,125345,611,37,1,,,7590520.00,
24/12/2014,1563.3250,1650.0000,0.00,1650.0000,1650.0000,0.0000,0.0000,7596696,125345,0,0,0,,,7590520.00,
23/12/2014,1563.3250,1650.0000,0.00,1650.0000,1650.0000,0.0000,0.0000,7596696,125345,0,0,0,,,7590520.00,
22/12/2014,1563.3250,1650.0000,0.00,1650.0000,1650.0000,1650.0000,1650.0000,7596696,125345,198,12,1,,,7590520.00,
21/12/2014,1563.3250,1650.0000,0.43,1643.0000,1643.0000,1650.0000,1650.0000,7596696,125345,9900,600,1,,,7590520.00,
18/12/2014,1556.6927,1643.0000,0.00,1643.0000,1643.0000,0.0000,0.0000,7596696,124814,0,0,0,,,7590520.00,
17/12/2014,1556.6927,1643.0000,-4.42,1719.0000,1719.0000,1650.0000,1600.0000,7596696,124814,13470,820,2,,,7590520.00,
16/12/2014,1628.7004,1719.0000,-4.50,1800.0000,1800.0000,1780.0000,1650.0000,7596696,130587,29314,1705,7,,,7590520.00,
15/12/2014,1705.4454,1800.0000,-5.26,1773.0000,1900.0000,1850.0000,1750.0000,7596696,136741,14763,820,6,,,7590520.00,
14/12/2014,1800.1924,1900.0000,2.70,1850.0000,1850.0000,1900.0000,1850.0000,7596696,144337,913546,48134,20,,,,
11/12/2014,1752.8189,1850.0000,2.78,1800.0000,1800.0000,1850.0000,1800.0000,7596696,140539,206199,11168,11,,,,
10/12/2014,1705.4454,1800.0000,0.00,1800.0000,1800.0000,1800.0000,1800.0000,7596696,136741,1818,101,1,,,,
09/12/2014,1705.4454,1800.0000,0.00,1800.0000,1800.0000,0.0000,0.0000,7596696,136741,0,0,0,,,,
08/12/2014,1705.4454,1800.0000,0.00,1800.0000,1800.0000,1800.0000,1800.0000,7596696,136741,7200,400,2,,,,
07/12/2014,1705.4454,1800.0000,0.00,1800.0000,1800.0000,0.0000,0.0000,7596696,136741,0,0,0,,,,
04/12/2014,1705.4454,1800.0000,0.00,1800.0000,1800.0000,0.0000,0.0000,7596696,136741,0,0,0,,,,
03/12/2014,1705.4454,1800.0000,0.00,1800.0000,1800.0000,1800.0000,1800.0000,7596696,136741,2880,160,2,,,,
02/12/2014,1705.4454,1800.0000,4.77,1800.0000,1718.0000,1800.0000,1800.0000,7596696,136741,4194,233,3,,,,
01/12/2014,1627.7529,1718.0000,2.02,1899.0000,1684.0000,1899.0000,1650.0000,7596696,130511,4724,275,4,,,,
30/11/2014,1595.5390,1684.0000,-0.71,1544.0000,1696.0000,1795.0000,1544.0000,7596696,127928,3806,226,4,,,,
27/11/2014,1606.9086,1696.0000,-5.52,1550.0000,1795.0000,1794.0000,1550.0000,7596696,128840,4241,250,4,,,,
26/11/2014,1700.7081,1795.0000,0.00,1795.0000,1795.0000,1795.0000,1795.0000,7596696,136361,1831,102,2,,,,
25/11/2014,1700.7081,1795.0000,7.42,1795.0000,1671.0000,1795.0000,1795.0000,7596696,136361,10770,600,2,,,,
24/11/2014,1583.2219,1671.0000,12.37,1700.0000,1487.0000,1789.0000,1700.0000,7596696,126941,1745,100,3,,,,
23/11/2014,1408.8875,1487.0000,0.00,1487.0000,1487.0000,0.0000,0.0000,7596696,112963,0,0,0,,,,
20/11/2014,1408.8875,1487.0000,-5.83,1450.0000,1579.0000,1450.0000,1450.0000,7596696,112963,1450,100,2,,,,
19/11/2014,1496.0547,1579.0000,-0.19,1795.0000,1582.0000,1795.0000,1450.0000,7596696,119952,2527,160,4,,,,
18/11/2014,1498.8970,1582.0000,0.00,1582.0000,1582.0000,1582.0000,1582.0000,7596696,120180,1582,100,1,,,,
17/11/2014,1498.8970,1582.0000,2.93,1537.0000,1537.0000,1749.0000,1749.0000,7596696,120180,525,30,1,,,,
16/11/2014,1456.2610,1537.0000,-5.59,1500.0000,1628.0000,1500.0000,1500.0000,7596696,116761,1485,99,1,,,,
13/11/2014,1542.4807,1628.0000,12.28,1450.0000,1450.0000,1699.0000,1699.0000,7596696,123674,1699,100,2,,,,
12/11/2014,1373.8310,1450.0000,0.00,1450.0000,1450.0000,0.0000,0.0000,7596696,110152,0,0,0,,,,
11/11/2014,1373.8310,1450.0000,0.00,1450.0000,1450.0000,0.0000,0.0000,7596696,110152,0,0,0,,,,
10/11/2014,1373.8310,1450.0000,0.00,1450.0000,1450.0000,0.0000,0.0000,7596696,110152,0,0,0,,,,
09/11/2014,1373.8310,1450.0000,0.00,1450.0000,1450.0000,1450.0000,1450.0000,7596696,110152,1450,100,2,,,,
06/11/2014,1373.8310,1450.0000,0.00,1450.0000,1450.0000,1450.0000,1450.0000,7596696,110152,4046,279,1,,,,
05/11/2014,1373.8310,1450.0000,0.00,1450.0000,1450.0000,0.0000,0.0000,7596696,110152,0,0,0,,,,
04/11/2014,1373.8310,1450.0000,0.00,1450.0000,1450.0000,1450.0000,1450.0000,7596696,110152,14689,1013,2,,,,
03/11/2014,1373.8310,1450.0000,0.00,1450.0000,1450.0000,1450.0000,1450.0000,7596696,110152,769,53,2,,,,
02/11/2014,1373.8310,1450.0000,0.00,1450.0000,1450.0000,0.0000,0.0000,7596696,110152,0,0,0,,,,
30/10/2014,1373.8310,1450.0000,0.00,1450.0000,1450.0000,1450.0000,1450.0000,7596696,110152,58000,4000,4,,,,
29/10/2014,1373.8310,1450.0000,0.00,1450.0000,1450.0000,0.0000,0.0000,7596696,110152,0,0,0,,,,
28/10/2014,1373.8310,1450.0000,0.00,1450.0000,1450.0000,0.0000,0.0000,7596696,110152,0,0,0,,,,
27/10/2014,1373.8310,1450.0000,0.00,1450.0000,1450.0000,0.0000,0.0000,7596696,110152,0,0,0,,,,
26/10/2014,1373.8310,1450.0000,1.26,1450.0000,1432.0000,1450.0000,1450.0000,7596696,110152,2190,151,3,,,,
23/10/2014,1356.7766,1432.0000,0.00,1432.0000,1432.0000,1432.0000,1432.0000,7596696,108785,1446,101,2,,,,
22/10/2014,1356.7766,1432.0000,6.95,1339.0000,1339.0000,1450.0000,1450.0000,7596696,108785,1813,125,2,,,,
21/10/2014,1268.6620,1339.0000,0.00,1339.0000,1339.0000,1339.0000,1339.0000,7596696,101720,2370,177,3,,,,
20/10/2014,1268.6620,1339.0000,0.68,1549.0000,1330.0000,1549.0000,1300.0000,7596696,101720,4752,355,3,,,,
19/10/2014,1260.1347,1330.0000,-4.32,1300.0000,1390.0000,1300.0000,1300.0000,7596696,101036,1300,100,2,,,,
14/10/2014,1316.9829,1390.0000,0.80,1390.0000,1379.0000,1390.0000,1390.0000,7596696,105594,2808,202,4,,,,
13/10/2014,1306.5607,1379.0000,6.08,1300.0000,1300.0000,1498.0000,1498.0000,7596696,104758,899,60,2,,,,
12/10/2014,1231.7106,1300.0000,0.00,1300.0000,1300.0000,1300.0000,1300.0000,7596696,98757,1300,100,1,,,,
07/10/2014,1231.7106,1300.0000,2.69,1266.0000,1266.0000,1300.0000,1300.0000,7596696,98757,5863,451,1,,,,
06/10/2014,1199.4966,1266.0000,0.00,1266.0000,1266.0000,0.0000,0.0000,7596696,96174,0,0,0,,,,
05/10/2014,1199.4966,1266.0000,-0.94,1260.0000,1278.0000,1260.0000,1260.0000,7596696,96174,1260,100,2,,,,
02/10/2014,1210.8663,1278.0000,-2.22,1280.0000,1307.0000,1280.0000,1277.0000,7596696,97086,6414,502,3,,,,
01/10/2014,1238.3429,1307.0000,-4.39,1277.0000,1367.0000,1277.0000,1277.0000,7596696,99289,1277,100,2,,,,
30/09/2014,1295.1911,1367.0000,5.15,1499.0000,1300.0000,1499.0000,1301.0000,7596696,103847,2461,180,4,,,,
29/09/2014,1231.7106,1300.0000,0.00,1300.0000,1300.0000,1300.0000,1300.0000,7596696,98757,7839,603,5,,,,
28/09/2014,1231.7106,1300.0000,-3.49,1300.0000,1347.0000,1300.0000,1300.0000,7596696,98757,2600,200,4,,,,
23/09/2014,1276.2417,1347.0000,5.15,1281.0000,1281.0000,1380.0000,1380.0000,7596696,102328,1380,100,1,,,,
22/09/2014,1213.7087,1281.0000,-0.70,1290.0000,1290.0000,1277.0000,1277.0000,7596696,97314,1277,100,2,,,,
21/09/2014,1222.2359,1290.0000,0.00,1290.0000,1290.0000,0.0000,0.0000,7596696,97997,0,0,0,,,,
18/09/2014,1222.2359,1290.0000,2.06,1290.0000,1264.0000,1290.0000,1290.0000,7596696,97997,6450,500,4,,,,
17/09/2014,1197.6017,1264.0000,-6.85,1299.0000,1357.0000,1299.0000,1243.0000,7596696,96022,6861,543,5,,,,
16/09/2014,1285.7164,1357.0000,-2.16,1450.0000,1387.0000,1450.0000,1309.0000,7596696,103087,4112,303,4,,,,
15/09/2014,1314.1405,1387.0000,-4.34,1485.0000,1450.0000,1485.0000,1331.0000,7596696,105366,4370,315,5,,,,
14/09/2014,1373.8310,1450.0000,8.21,1450.0000,1340.0000,1450.0000,1450.0000,7596696,110152,2349,162,4,,,,
11/09/2014,1269.6094,1340.0000,-0.07,1290.0000,1341.0000,1450.0000,1290.0000,7596696,101796,1957,146,3,,,,
10/09/2014,1270.5569,1341.0000,-3.80,1236.0000,1394.0000,1236.0000,1236.0000,7596696,101872,618,50,4,,,,
09/09/2014,1320.7727,1394.0000,4.19,1236.0000,1338.0000,1460.0000,1236.0000,7596696,105898,2370,170,4,,,,
08/09/2014,1267.7144,1338.0000,7.90,1240.0000,1240.0000,1450.0000,1450.0000,7596696,101644,1015,70,1,,,,
07/09/2014,1174.8624,1240.0000,-6.27,1240.0000,1323.0000,1240.0000,1240.0000,7596696,94199,26660,2150,3,,,,
04/09/2014,1253.5024,1323.0000,-2.14,1495.0000,1352.0000,1495.0000,1300.0000,7596696,100504,6007,454,2,,,,
03/09/2014,1280.9790,1352.0000,9.03,1240.0000,1240.0000,1450.0000,1450.0000,7596696,102707,1160,80,2,,,,
02/09/2014,1174.8624,1240.0000,-0.40,1240.0000,1245.0000,1240.0000,1240.0000,7596696,94199,4923,397,3,,,,
01/09/2014,1179.5998,1245.0000,-7.37,1344.0000,1344.0000,1245.0000,1245.0000,7596696,94579,4980,400,1,,,,
31/08/2014,1273.3993,1344.0000,0.00,1344.0000,1344.0000,0.0000,0.0000,7596696,102100,0,0,0,,,,
28/08/2014,1273.3993,1344.0000,0.00,1344.0000,1344.0000,0.0000,0.0000,7596696,102100,0,0,0,,,,
27/08/2014,1273.3993,1344.0000,3.94,1293.0000,1293.0000,1450.0000,1450.0000,7596696,102100,711,49,1,,,,
26/08/2014,1225.0784,1293.0000,0.00,1293.0000,1293.0000,0.0000,0.0000,7596696,98225,0,0,0,,,,
25/08/2014,1225.0784,1293.0000,4.61,1236.0000,1236.0000,1450.0000,1236.0000,7596696,98225,1816,140,3,,,,
24/08/2014,1171.0725,1236.0000,-18.15,1252.0000,1510.0000,1252.0000,1235.0000,7596696,93895,64254,5200,10,,,,
21/08/2014,1430.6792,1510.0000,11.52,1549.0000,1354.0000,1549.0000,1549.0000,7596696,114710,1859,120,2,,,,
20/08/2014,1282.8740,1354.0000,-3.56,1255.0000,1404.0000,1255.0000,1255.0000,7596696,102859,628,50,2,,,,
19/08/2014,1330.2474,1404.0000,7.01,1312.0000,1312.0000,1499.0000,1312.0000,7596696,106658,2766,197,4,,,,
18/08/2014,1243.0802,1312.0000,-1.72,1335.0000,1335.0000,1335.0000,1301.0000,7596696,99669,3937,300,4,,,,
17/08/2014,1264.8721,1335.0000,-4.64,1335.0000,1400.0000,1335.0000,1335.0000,7596696,101416,4005,300,6,,,,
14/08/2014,1326.4576,1400.0000,8.36,1399.0000,1292.0000,1400.0000,1399.0000,7596696,106354,7923,566,6,,,,
13/08/2014,1224.1308,1292.0000,-0.84,1290.0000,1303.0000,1290.0000,1290.0000,7596696,98149,1587,123,1,,,,
12/08/2014,1234.5531,1303.0000,2.36,1320.0000,1273.0000,1320.0000,1275.0000,7596696,98985,6814,523,4,,,,
11/08/2014,1206.1290,1273.0000,-1.01,1251.0000,1286.0000,1278.0000,1251.0000,7596696,96706,1794,141,4,,,,
10/08/2014,1218.4460,1286.0000,2.14,1230.0000,1259.0000,1369.0000,1230.0000,7596696,97694,1135,87,3,,,,
07/08/2014,1192.8644,1259.0000,0.24,1215.0000,1256.0000,1315.0000,1215.0000,7596696,95642,2267,180,2,,,,
06/08/2014,1190.0219,1256.0000,4.15,1325.0000,1206.0000,1325.0000,1237.0000,7596696,95415,1281,100,2,,,,
04/08/2014,1142.6484,1206.0000,-3.83,1277.0000,1254.0000,1277.0000,1170.0000,7596696,91616,9106,755,8,,,,
03/08/2014,1188.1270,1254.0000,-6.21,1200.0000,1337.0000,1300.0000,1200.0000,7596696,95263,4889,390,3,,,,
31/07/2014,1266.7670,1337.0000,-1.62,1579.0000,1359.0000,1579.0000,1330.0000,7596696,101568,27547,2060,4,,,,
30/07/2014,1287.6114,1359.0000,0.00,1359.0000,1359.0000,1359.0000,1359.0000,7596696,103239,190,14,1,,,,
29/07/2014,1287.6114,1359.0000,0.00,1399.0000,1359.0000,1399.0000,1351.0000,7596696,103239,3262,240,3,,,,
28/07/2014,1287.6114,1359.0000,-1.95,1351.0000,1386.0000,1351.0000,1351.0000,7596696,103239,1351,100,2,,,,
27/07/2014,1313.1930,1386.0000,2.06,1399.0000,1358.0000,1399.0000,1352.0000,7596696,105290,4213,304,5,,,,
24/07/2014,1286.6638,1358.0000,-0.37,1351.0000,1363.0000,1351.0000,1351.0000,7596696,103163,676,50,1,,,,
23/07/2014,1291.4012,1363.0000,1.26,1346.0000,1346.0000,1400.0000,1400.0000,7596696,103543,574,41,1,,,,
22/07/2014,1275.2942,1346.0000,0.00,1346.0000,1346.0000,1346.0000,1346.0000,7596696,102252,1346,100,2,,,,
21/07/2014,1275.2942,1346.0000,0.52,1339.0000,1339.0000,1351.0000,1339.0000,7596696,102252,4711,350,3,,,,
20/07/2014,1268.6620,1339.0000,0.00,1339.0000,1339.0000,0.0000,0.0000,7596696,101720,0,0,0,,,,
17/07/2014,1268.6620,1339.0000,0.00,1339.0000,1339.0000,0.0000,0.0000,7596696,101720,0,0,0,,,,
16/07/2014,1268.6620,1339.0000,0.00,1339.0000,1339.0000,0.0000,0.0000,7596696,101720,0,0,0,,,,
15/07/2014,1268.6620,1339.0000,0.00,1339.0000,1339.0000,0.0000,0.0000,7596696,101720,0,0,0,,,,
14/07/2014,1268.6620,1339.0000,0.00,1339.0000,1339.0000,0.0000,0.0000,7596696,101720,0,0,0,,,,
13/07/2014,1268.6620,1339.0000,0.00,1339.0000,1339.0000,1339.0000,1339.0000,7596696,101720,201,15,1,,,,
10/07/2014,1268.6620,1339.0000,-1.76,1333.0000,1363.0000,1350.0000,1333.0000,7596696,101720,4084,305,4,,,,
09/07/2014,1291.4012,1363.0000,-2.64,1589.0000,1400.0000,1589.0000,1355.0000,7596696,103543,28228,2071,4,,,,
08/07/2014,1326.4576,1400.0000,0.00,1400.0000,1400.0000,1400.0000,1400.0000,7596696,106354,2800,200,2,,,,
07/07/2014,1326.4576,1400.0000,5.18,1331.0000,1331.0000,1400.0000,1400.0000,7596696,106354,5474,391,1,,,,
06/07/2014,1261.0822,1331.0000,-6.33,1331.0000,1421.0000,1331.0000,1331.0000,7596696,101112,15972,1200,3,,,,
03/07/2014,1346.3545,1421.0000,-1.32,1421.0000,1440.0000,1421.0000,1421.0000,7596696,107949,15631,1100,6,,,,
02/07/2014,1364.3564,1440.0000,0.00,1440.0000,1440.0000,0.0000,0.0000,7596696,109392,0,0,0,,,,
01/07/2014,1364.3564,1440.0000,-9.83,1440.0000,1597.0000,1440.0000,1440.0000,7596696,109392,2880,200,1,,,,
30/06/2014,1513.1091,1597.0000,0.00,1597.0000,1597.0000,0.0000,0.0000,7596696,121319,0,0,0,,,,
29/06/2014,1513.1091,1597.0000,0.00,1597.0000,1597.0000,0.0000,0.0000,7596696,121319,0,0,0,,,,
26/06/2014,1513.1091,1597.0000,0.00,1597.0000,1597.0000,0.0000,0.0000,7596696,121319,0,0,0,,,,
25/06/2014,1513.1091,1597.0000,0.00,1597.0000,1597.0000,0.0000,0.0000,7596696,121319,0,0,0,,,,
24/06/2014,1513.1091,1597.0000,-1.60,1597.0000,1623.0000,1597.0000,1597.0000,7596696,121319,9215,577,1,,,,
23/06/2014,1537.7434,1623.0000,0.00,1623.0000,1623.0000,1623.0000,1623.0000,7596696,123294,104197,6420,2,,,,
22/06/2014,1537.7434,1623.0000,0.00,1623.0000,1623.0000,0.0000,0.0000,7596696,123294,0,0,0,,,,
19/06/2014,1537.7434,1623.0000,-3.39,1623.0000,1680.0000,1623.0000,1623.0000,7596696,123294,3246,200,2,,,,
18/06/2014,1591.7491,1680.0000,1.82,1650.0000,1650.0000,1680.0000,1680.0000,7596696,127624,2016,120,2,,,,
17/06/2014,1563.3250,1650.0000,1.60,1624.0000,1624.0000,1650.0000,1650.0000,7596696,125345,9999,606,1,,,,
16/06/2014,1538.6908,1624.0000,-1.69,1624.0000,1652.0000,1624.0000,1624.0000,7596696,123370,4563,281,2,,,,
15/06/2014,1565.2199,1652.0000,-1.37,1675.0000,1675.0000,1675.0000,1650.0000,7596696,125497,148624,8956,4,,,,
12/06/2014,1587.0118,1675.0000,-1.41,1650.0000,1699.0000,1675.0000,1650.0000,7596696,127245,932972,55791,17,,,7590520.00,
11/06/2014,1609.7510,1699.0000,3.22,1646.0000,1646.0000,1842.0000,1565.0000,7596696,129068,406473,25104,56,,,7590520.00,
10/06/2014,1559.5351,1646.0000,-0.66,1657.0000,1657.0000,1650.0000,1601.0000,7596696,125042,38283,2326,5,,,7590520.00,
09/06/2014,1569.9573,1657.0000,0.36,1651.0000,1651.0000,1734.0000,1652.0000,7596696,125877,483057,29225,19,,,7590520.00,
08/06/2014,1564.2725,1651.0000,0.12,1649.0000,1649.0000,1651.0000,1651.0000,7596696,125421,1981,120,1,,,7590520.00,
05/06/2014,1562.3776,1649.0000,0.00,1649.0000,1649.0000,0.0000,0.0000,7596696,125270,0,0,0,,,7590520.00,
02/06/2014,1562.3776,1649.0000,0.00,1649.0000,1649.0000,1649.0000,1649.0000,7596696,125270,462,28,1,,,7590520.00,
01/06/2014,1562.3776,1649.0000,0.00,1649.0000,1649.0000,0.0000,0.0000,7596696,125270,0,0,0,,,7590520.00,
29/05/2014,1562.3776,1649.0000,-0.48,1657.0000,1657.0000,1685.0000,1638.0000,7596696,125270,3496,212,3,,,7590520.00,
28/05/2014,1569.9573,1657.0000,0.91,1642.0000,1642.0000,1681.0000,1681.0000,7596696,125877,756,45,1,,,7590520.00,
27/05/2014,1555.7452,1642.0000,0.00,1637.0000,1642.0000,1637.0000,1637.0000,7596696,124738,98,6,1,,,7590520.00,
26/05/2014,1555.7452,1642.0000,-0.06,1643.0000,1643.0000,1638.0000,1638.0000,7596696,124738,524,32,2,,,7590520.00,
25/05/2014,1556.6927,1643.0000,-0.12,1645.0000,1645.0000,1638.0000,1638.0000,7596696,124814,459,28,1,,,7590520.00,
22/05/2014,1558.5877,1645.0000,0.00,1645.0000,1645.0000,1638.0000,1638.0000,7596696,124966,115,7,1,,,7590520.00,
21/05/2014,1558.5877,1645.0000,0.06,1644.0000,1644.0000,1646.0000,1638.0000,7596696,124966,5544,337,3,,,7590520.00,
20/05/2014,1557.6402,1644.0000,0.12,1642.0000,1642.0000,1644.0000,1644.0000,7596696,124890,5606,341,4,,,7590520.00,
19/05/2014,1555.7452,1642.0000,0.00,1642.0000,1642.0000,1642.0000,1642.0000,7596696,124738,1084,66,2,,,7590520.00,
18/05/2014,1555.7452,1642.0000,-1.68,1670.0000,1670.0000,1643.0000,1641.0000,7596696,124738,19261,1173,5,,,7590520.00,
15/05/2014,1582.2744,1670.0000,1.64,1643.0000,1643.0000,1673.0000,1643.0000,7596696,126865,54296,3271,6,,,7590520.00,
14/05/2014,1556.6927,1643.0000,0.18,1640.0000,1640.0000,1673.0000,1673.0000,7596696,124814,184,11,1,,,7590520.00,
13/05/2014,1553.8503,1640.0000,-1.86,1671.0000,1671.0000,1640.0000,1640.0000,7596696,124586,2460,150,1,,,7590520.00,
12/05/2014,1583.2219,1671.0000,2.01,1638.0000,1638.0000,1671.0000,1671.0000,7596696,126941,19668,1177,3,,,7590520.00,
11/05/2014,1551.9553,1638.0000,0.43,1631.0000,1631.0000,1638.0000,1638.0000,7596696,124434,10532,643,2,,,7590520.00,
08/05/2014,1545.3231,1631.0000,0.00,1631.0000,1631.0000,1631.0000,1631.0000,7596696,123902,49,3,1,,,7590520.00,
07/05/2014,1545.3231,1631.0000,-1.75,1660.0000,1660.0000,1652.0000,1621.0000,7596696,123902,6148,377,3,,,7590520.00,
04/05/2014,1572.7997,1660.0000,-3.15,1714.0000,1714.0000,1680.0000,1660.0000,7596696,126105,2407,145,2,,,7590520.00,
01/05/2014,1623.9630,1714.0000,0.82,1700.0000,1700.0000,1750.0000,1668.0000,7596696,130207,15858,925,5,,,7590520.00,
30/04/2014,1610.6985,1700.0000,0.00,1700.0000,1700.0000,0.0000,0.0000,7596696,129144,0,0,0,,,7590520.00,
29/04/2014,1610.6985,1700.0000,0.00,1700.0000,1700.0000,0.0000,0.0000,7596696,129144,0,0,0,,,7590520.00,
28/04/2014,1610.6985,1700.0000,0.00,1700.0000,1700.0000,1700.0000,1700.0000,7596696,129144,459,27,1,,,7590520.00,
27/04/2014,1610.6985,1700.0000,-7.10,1830.0000,1830.0000,1700.0000,1700.0000,7596696,129144,2924,172,3,,,7590520.00,
24/04/2014,1733.8695,1830.0000,4.27,1755.0000,1755.0000,1830.0000,1830.0000,7596696,139020,3587,196,1,,,7590520.00,
23/04/2014,1662.8094,1755.0000,2.69,1709.0000,1709.0000,1820.0000,1750.0000,7596696,133322,3755,214,2,,,7590520.00,
22/04/2014,1619.2257,1709.0000,2.40,1669.0000,1669.0000,1710.0000,1709.0000,7596696,129828,5469,320,4,,,7590520.00,
17/04/2014,1581.3270,1669.0000,-2.00,1703.0000,1703.0000,1652.0000,1652.0000,7596696,126789,1206,73,2,,,7590520.00,
16/04/2014,1613.5409,1703.0000,-0.12,1705.0000,1705.0000,1656.0000,1656.0000,7596696,129372,83,5,1,,,7590520.00,
13/04/2014,1615.4359,1705.0000,-0.12,1707.0000,1707.0000,1710.0000,1652.0000,7596696,129524,52287,3070,7,,,7590520.00,
10/04/2014,1617.3308,1707.0000,-0.06,1708.0000,1708.0000,1708.0000,1658.0000,7596696,129676,8571,502,2,,,7590520.00,
09/04/2014,1618.2782,1708.0000,-0.12,1710.0000,1710.0000,1681.0000,1681.0000,7596696,129752,151,9,3,,,7590520.00,
08/04/2014,1620.1732,1710.0000,0.59,1700.0000,1700.0000,1710.0000,1710.0000,7596696,129904,3608,211,3,,,7590520.00,
07/04/2014,1610.6985,1700.0000,0.00,1700.0000,1700.0000,0.0000,0.0000,7596696,129144,0,0,0,,,7590520.00,
06/04/2014,1610.6985,1700.0000,0.00,1700.0000,1700.0000,1700.0000,1700.0000,7596696,129144,357,21,2,,,7590520.00,
03/04/2014,1610.6985,1700.0000,-6.70,1700.0000,1822.0000,1700.0000,1700.0000,7596696,129144,20400,1200,6,,,7590520.00,
02/04/2014,1726.2898,1822.0000,1.00,1804.0000,1804.0000,1849.0000,1805.0000,7596696,138412,9746,535,5,,,7590520.00,
01/04/2014,1709.2353,1804.0000,0.00,1804.0000,1804.0000,1804.0000,1804.0000,7596696,137044,180,10,1,,,7590520.00,
31/03/2014,1709.2353,1804.0000,0.00,1804.0000,1804.0000,0.0000,0.0000,7596696,137044,0,0,0,,,7590520.00,
30/03/2014,1709.2353,1804.0000,5.01,1718.0000,1718.0000,1804.0000,1804.0000,7596696,137044,2616,145,2,,,7590520.00,
27/03/2014,1627.7529,1718.0000,7.98,1591.0000,1591.0000,1750.0000,1685.0000,7596696,130511,5241,305,2,,,7590520.00,
26/03/2014,1507.4243,1591.0000,0.00,1591.0000,1591.0000,0.0000,0.0000,7596696,120863,0,0,0,,,7590520.00,
25/03/2014,1507.4243,1591.0000,0.00,1591.0000,1591.0000,0.0000,0.0000,7596696,120863,0,0,0,,,7590520.00,
24/03/2014,1507.4243,1591.0000,0.00,1591.0000,1591.0000,0.0000,0.0000,7596696,120863,0,0,0,,,7590520.00,
23/03/2014,1507.4243,1591.0000,0.00,1591.0000,1591.0000,0.0000,0.0000,7596696,120863,0,0,0,,,7590520.00,
20/03/2014,1507.4243,1591.0000,3.99,1530.0000,1530.0000,1591.0000,1591.0000,7596696,120863,2227,140,2,,,7590520.00,
19/03/2014,1449.6286,1530.0000,0.00,1530.0000,1530.0000,0.0000,0.0000,7596696,116229,0,0,0,,,7590520.00,
18/03/2014,1449.6286,1530.0000,2.41,1494.0000,1494.0000,1530.0000,1530.0000,7596696,116229,7681,502,2,,,7590520.00,
17/03/2014,1415.5197,1494.0000,0.00,1494.0000,1494.0000,1494.0000,1494.0000,7596696,113495,1001,67,1,,,7590520.00,
13/03/2014,1415.5197,1494.0000,0.00,1494.0000,1494.0000,1494.0000,1494.0000,7596696,113495,15896,1064,3,,,7590520.00,
12/03/2014,1415.5197,1494.0000,0.00,1494.0000,1494.0000,1494.0000,1494.0000,7596696,113495,553,37,1,,,7590520.00,
11/03/2014,1415.5197,1494.0000,0.00,1494.0000,1494.0000,0.0000,0.0000,7596696,113495,0,0,0,,,7590520.00,
10/03/2014,1415.5197,1494.0000,0.00,1494.0000,1494.0000,0.0000,0.0000,7596696,113495,0,0,0,,,7590520.00,
09/03/2014,1415.5197,1494.0000,0.00,1494.0000,1494.0000,0.0000,0.0000,7596696,113495,0,0,0,,,7590520.00,
06/03/2014,1415.5197,1494.0000,0.00,1494.0000,1494.0000,0.0000,0.0000,7596696,113495,0,0,0,,,7590520.00,
05/03/2014,1415.5197,1494.0000,0.00,1494.0000,1494.0000,0.0000,0.0000,7596696,113495,0,0,0,,,7590520.00,
04/03/2014,1415.5197,1494.0000,-0.40,1500.0000,1500.0000,1440.0000,1440.0000,7596696,113495,216,15,1,,,7590520.00,
03/03/2014,1421.2045,1500.0000,4.97,1429.0000,1429.0000,1502.0000,1500.0000,7596696,113950,9122,608,3,,,7590520.00,
02/03/2014,1353.9342,1429.0000,0.00,1429.0000,1429.0000,0.0000,0.0000,7596696,108557,0,0,0,,,7590520.00,
27/02/2014,1353.9342,1429.0000,0.00,1429.0000,1429.0000,0.0000,0.0000,7596696,108557,0,0,0,,,7590520.00,
26/02/2014,1353.9342,1429.0000,0.00,1429.0000,1429.0000,0.0000,0.0000,7596696,108557,0,0,0,,,7590520.00,
25/02/2014,1353.9342,1429.0000,0.00,1429.0000,1429.0000,0.0000,0.0000,7596696,108557,0,0,0,,,7590520.00,
24/02/2014,1353.9342,1429.0000,0.00,1429.0000,1429.0000,0.0000,0.0000,7596696,108557,0,0,0,,,7590520.00,
23/02/2014,1353.9342,1429.0000,0.00,1429.0000,1429.0000,0.0000,0.0000,7596696,108557,0,0,0,,,7590520.00,
20/02/2014,1353.9342,1429.0000,0.00,1429.0000,1429.0000,1429.0000,1429.0000,7596696,108557,2301,161,1,,,7590520.00,
19/02/2014,1353.9342,1429.0000,0.00,1429.0000,1429.0000,0.0000,0.0000,7596696,108557,0,0,0,,,7590520.00,
18/02/2014,1353.9342,1429.0000,0.00,1429.0000,1429.0000,0.0000,0.0000,7596696,108557,0,0,0,,,7590520.00,
17/02/2014,1353.9342,1429.0000,0.00,1429.0000,1429.0000,0.0000,0.0000,7596696,108557,0,0,0,,,7590520.00,
16/02/2014,1353.9342,1429.0000,0.00,1429.0000,1429.0000,0.0000,0.0000,7596696,108557,0,0,0,,,7590520.00,
13/02/2014,1353.9342,1429.0000,0.00,1429.0000,1429.0000,1429.0000,1429.0000,7596696,108557,543,38,2,,,7590520.00,
12/02/2014,1353.9342,1429.0000,9.08,1310.0000,1310.0000,1450.0000,1370.0000,7596696,108557,7646,535,3,,,7590520.00,
11/02/2014,1241.1853,1310.0000,0.00,1310.0000,1310.0000,0.0000,0.0000,7596696,99517,0,0,0,,,7590520.00,
10/02/2014,1241.1853,1310.0000,0.00,1310.0000,1310.0000,0.0000,0.0000,7596696,99517,0,0,0,,,7590520.00,
09/02/2014,1241.1853,1310.0000,-0.76,1308.0000,1320.0000,1370.0000,1308.0000,7596696,99517,3903,298,4,,,7590520.00,
06/02/2014,1250.6600,1320.0000,-3.93,1374.0000,1374.0000,1320.0000,1320.0000,7596696,100276,2218,168,3,,,7590520.00,
05/02/2014,1301.8234,1374.0000,-1.86,1400.0000,1400.0000,1400.0000,1340.0000,7596696,104379,3367,245,2,,,7590520.00,
04/02/2014,1326.4576,1400.0000,-5.91,1488.0000,1488.0000,1400.0000,1400.0000,7596696,106354,2100,150,1,,,7590520.00,
03/02/2014,1409.8349,1488.0000,3.12,1443.0000,1443.0000,1500.0000,1440.0000,7596696,113039,9228,620,3,,,7590520.00,
02/02/2014,1367.1988,1443.0000,0.00,1443.0000,1443.0000,0.0000,0.0000,7596696,109620,0,0,0,,,7590520.00,
30/01/2014,1367.1988,1443.0000,-1.10,1459.0000,1459.0000,1400.0000,1400.0000,7596696,109620,532,38,2,,,7590520.00,
29/01/2014,1382.3583,1459.0000,-0.61,1468.0000,1468.0000,1410.0000,1410.0000,7596696,110836,296,21,1,,,7590520.00,
28/01/2014,1390.8855,1468.0000,0.41,1462.0000,1462.0000,1470.0000,1410.0000,7596696,111520,45877,3126,5,,,7590520.00,
27/01/2014,1385.2007,1462.0000,0.00,1462.0000,1462.0000,0.0000,0.0000,7596696,111064,0,0,0,,,7590520.00,
26/01/2014,1385.2007,1462.0000,0.00,1462.0000,1462.0000,0.0000,0.0000,7596696,111064,0,0,0,,,7590520.00,
23/01/2014,1385.2007,1462.0000,-2.47,1499.0000,1499.0000,1394.0000,1394.0000,7596696,111064,683,49,1,,,7590520.00,
22/01/2014,1420.2571,1499.0000,0.00,1499.0000,1499.0000,0.0000,0.0000,7596696,113874,0,0,0,,,7590520.00,
21/01/2014,1420.2571,1499.0000,0.00,1499.0000,1499.0000,0.0000,0.0000,7596696,113874,0,0,0,,,7590520.00,
20/01/2014,1420.2571,1499.0000,-0.40,1505.0000,1505.0000,1492.0000,1492.0000,7596696,113874,970,65,2,,,7590520.00,
19/01/2014,1425.9419,1505.0000,-0.07,1506.0000,1506.0000,1488.0000,1488.0000,7596696,114330,60,4,1,,,7590520.00,
16/01/2014,1426.8893,1506.0000,-1.44,1528.0000,1528.0000,1528.0000,1486.0000,7596696,114406,4699,312,4,,,7590520.00,
15/01/2014,1447.7337,1528.0000,-0.07,1529.0000,1529.0000,1526.0000,1526.0000,7596696,116078,443,29,2,,,7590520.00,
14/01/2014,1448.6812,1529.0000,0.39,1523.0000,1523.0000,1533.0000,1470.0000,7596696,116153,3166,207,2,,,7590520.00,
13/01/2014,1442.9964,1523.0000,-0.78,1535.0000,1535.0000,1493.0000,1493.0000,7596696,115698,582,39,1,,,7590520.00,
12/01/2014,1454.3660,1535.0000,0.13,1533.0000,1533.0000,1580.0000,1521.0000,7596696,116609,4390,286,3,,,7590520.00,
09/01/2014,1452.4711,1533.0000,-3.89,1595.0000,1595.0000,1550.0000,1530.0000,7596696,116457,57475,3750,11,,,7590520.00,
08/01/2014,1511.2142,1595.0000,-3.63,1655.0000,1655.0000,1595.0000,1595.0000,7596696,121167,6779,425,2,,,7590520.00,
07/01/2014,1568.0624,1655.0000,4.75,1580.0000,1580.0000,1699.0000,1599.0000,7596696,125725,14514,877,6,,,7590520.00,
06/01/2014,1497.0021,1580.0000,5.61,1496.0000,1496.0000,1580.0000,1580.0000,7596696,120028,7900,500,2,,,7590520.00,
05/01/2014,1417.4147,1496.0000,1.36,1476.0000,1476.0000,1507.0000,1486.0000,7596696,113647,11538,771,4,,,7590520.00,
02/01/2014,1398.4653,1476.0000,3.07,1432.0000,1432.0000,1476.0000,1476.0000,7596696,112127,5033,341,2,,,7590520.00,
01/01/2014,1356.7766,1432.0000,0.00,1432.0000,1432.0000,0.0000,0.0000,7596696,108785,0,0,0,,,7590520.00,
31/12/2013,1356.7766,1432.0000,0.00,1432.0000,1432.0000,0.0000,0.0000,7596696,108785,0,0,0,,,7590520.00,
30/12/2013,1356.7766,1432.0000,0.00,1432.0000,1432.0000,0.0000,0.0000,7596696,108785,0,0,0,,,7590520.00,
29/12/2013,1356.7766,1432.0000,0.00,1432.0000,1432.0000,0.0000,0.0000,7596696,108785,0,0,0,,,7590520.00,
26/12/2013,1356.7766,1432.0000,0.00,1432.0000,1432.0000,0.0000,0.0000,7596696,108785,0,0,0,,,7590520.00,
25/12/2013,1356.7766,1432.0000,0.00,1432.0000,1432.0000,0.0000,0.0000,7596696,108785,0,0,0,,,7590520.00,
24/12/2013,1356.7766,1432.0000,0.00,1432.0000,1432.0000,1432.0000,1432.0000,7596696,108785,301,21,1,,,7590520.00,
23/12/2013,1356.7766,1432.0000,0.00,1432.0000,1432.0000,0.0000,0.0000,7596696,108785,0,0,0,,,7590520.00,
22/12/2013,1356.7766,1432.0000,0.00,1432.0000,1432.0000,0.0000,0.0000,7596696,108785,0,0,0,,,7590520.00,
19/12/2013,1356.7766,1432.0000,0.00,1432.0000,1432.0000,0.0000,0.0000,7596696,108785,0,0,0,,,7590520.00,
18/12/2013,1356.7766,1432.0000,-6.34,1529.0000,1529.0000,1432.0000,1432.0000,7596696,108785,2434,170,1,,,7590520.00,
17/12/2013,1448.6812,1529.0000,-1.16,1547.0000,1547.0000,1490.0000,1490.0000,7596696,116153,551,37,1,,,7590520.00,
16/12/2013,1465.7357,1547.0000,10.19,1404.0000,1404.0000,1599.0000,1404.0000,7596696,117521,20378,1317,10,,,7590520.00,
15/12/2013,1330.2474,1404.0000,-3.57,1456.0000,1456.0000,1404.0000,1404.0000,7596696,106658,2471,176,2,,,7590520.00,
12/12/2013,1379.5159,1456.0000,-9.00,1600.0000,1600.0000,1456.0000,1456.0000,7596696,110608,86530,5943,14,,,7590520.00,
11/12/2013,1515.9515,1600.0000,-1.90,1631.0000,1631.0000,1600.0000,1600.0000,7596696,121547,13184,824,4,,,7590520.00,
10/12/2013,1545.3231,1631.0000,-1.09,1649.0000,1649.0000,1649.0000,1600.0000,7596696,123902,2381,146,2,,,7590520.00,
09/12/2013,1562.3776,1649.0000,1.10,1631.0000,1631.0000,1650.0000,1602.0000,7596696,125270,4189,254,3,,,7590520.00,
08/12/2013,1545.3231,1631.0000,0.00,1631.0000,1631.0000,0.0000,0.0000,7596696,123902,0,0,0,,,7590520.00,
05/12/2013,1545.3231,1631.0000,-1.15,1650.0000,1650.0000,1650.0000,1607.0000,7596696,123902,3964,243,3,,,7590520.00,
04/12/2013,1563.3250,1650.0000,-3.73,1714.0000,1714.0000,1650.0000,1650.0000,7596696,125345,11055,670,3,,,7590520.00,
03/12/2013,1623.9630,1714.0000,0.82,1700.0000,1700.0000,1741.0000,1741.0000,7596696,130207,714,41,2,,,7590520.00,
02/12/2013,1610.6985,1700.0000,-2.19,1738.0000,1738.0000,1700.0000,1700.0000,7596696,129144,5151,303,1,,,7590520.00,
01/12/2013,1646.7023,1738.0000,0.00,1738.0000,1738.0000,0.0000,0.0000,7596696,132031,0,0,0,,,7590520.00,
28/11/2013,1646.7023,1738.0000,-0.74,1751.0000,1751.0000,1750.0000,1702.0000,7596696,132031,5300,305,3,,,7590520.00,
27/11/2013,1659.0195,1751.0000,-0.06,1752.0000,1752.0000,1751.0000,1750.0000,7596696,133018,3624,207,3,,,7590520.00,
26/11/2013,1659.9669,1752.0000,0.00,1752.0000,1752.0000,1752.0000,1752.0000,7596696,133094,403,23,1,,,7590520.00,
25/11/2013,1659.9669,1752.0000,0.00,1752.0000,1752.0000,0.0000,0.0000,7596696,133094,0,0,0,,,7590520.00,
24/11/2013,1659.9669,1752.0000,0.00,1752.0000,1752.0000,1751.0000,1751.0000,7596696,133094,193,11,2,,,7590520.00,
21/11/2013,1659.9669,1752.0000,-7.40,1892.0000,1892.0000,1752.0000,1752.0000,7596696,133094,5203,297,3,,,7590520.00,
20/11/2013,1792.6126,1892.0000,0.48,1883.0000,1883.0000,1899.0000,1899.0000,7596696,143729,1272,67,2,,,7590520.00,
19/11/2013,1784.0855,1883.0000,0.00,1883.0000,1883.0000,0.0000,0.0000,7596696,143046,0,0,0,,,7590520.00,
18/11/2013,1784.0855,1883.0000,1.78,1850.0000,1850.0000,1890.0000,1890.0000,7596696,143046,1871,99,1,,,7590520.00,
17/11/2013,1752.8189,1850.0000,1.59,1821.0000,1821.0000,1850.0000,1850.0000,7596696,140539,2553,138,2,,,7590520.00,
14/11/2013,1725.3424,1821.0000,-5.94,1901.0000,1936.0000,1901.0000,1820.0000,7596696,138336,8831,485,5,,,7590520.00,
13/11/2013,1834.3013,1936.0000,2.87,1882.0000,1882.0000,1995.0000,1810.0000,7596696,147072,37534,1939,12,,,7590520.00,
12/11/2013,1783.1380,1882.0000,6.69,1764.0000,1764.0000,1900.0000,1864.0000,7596696,142970,4536,241,2,,,7590520.00,
11/11/2013,1671.3365,1764.0000,0.00,1764.0000,1764.0000,0.0000,0.0000,7596696,134006,0,0,0,,,7590520.00,
10/11/2013,1671.3365,1764.0000,-0.34,1770.0000,1770.0000,1754.0000,1754.0000,7596696,134006,824,47,1,,,7590520.00,
07/11/2013,1677.0213,1770.0000,-5.04,1864.0000,1864.0000,1770.0000,1770.0000,7596696,134462,3965,224,2,,,7590520.00,
06/11/2013,1766.0835,1864.0000,5.01,1775.0000,1775.0000,1864.0000,1864.0000,7596696,141602,7922,425,3,,,7590520.00,
05/11/2013,1681.7587,1775.0000,3.26,1719.0000,1719.0000,1849.0000,1719.0000,7596696,134841,10313,581,5,,,7590520.00,
04/11/2013,1628.7004,1719.0000,0.00,1719.0000,1719.0000,0.0000,0.0000,7596696,130587,0,0,0,,,7590520.00,
03/11/2013,1628.7004,1719.0000,0.00,1719.0000,1719.0000,0.0000,0.0000,7596696,130587,0,0,0,,,7590520.00,
31/10/2013,1628.7004,1719.0000,-5.91,1827.0000,1827.0000,1800.0000,1702.0000,7596696,130587,26336,1532,5,,,7590520.00,
30/10/2013,1731.0272,1827.0000,0.00,1827.0000,1827.0000,0.0000,0.0000,7596696,138792,0,0,0,,,7590520.00,
29/10/2013,1731.0272,1827.0000,0.00,1827.0000,1827.0000,1827.0000,1827.0000,7596696,138792,402,22,1,,,7590520.00,
28/10/2013,1731.0272,1827.0000,0.00,1827.0000,1827.0000,0.0000,0.0000,7596696,138792,0,0,0,,,7590520.00,
27/10/2013,1731.0272,1827.0000,0.00,1827.0000,1827.0000,0.0000,0.0000,7596696,138792,0,0,0,,,7590520.00,
24/10/2013,1731.0272,1827.0000,0.00,1827.0000,1827.0000,1827.0000,1827.0000,7596696,138792,877,48,2,,,7590520.00,
23/10/2013,1731.0272,1827.0000,2.93,1775.0000,1775.0000,1860.0000,1860.0000,7596696,138792,1358,73,2,,,7590520.00,
22/10/2013,1681.7587,1775.0000,9.23,1625.0000,1625.0000,1787.0000,1750.0000,7596696,134841,9229,520,4,,,7590520.00,
21/10/2013,1539.6383,1625.0000,0.00,1625.0000,1625.0000,0.0000,0.0000,7596696,123446,0,0,0,,,7590520.00,
20/10/2013,1539.6383,1625.0000,0.00,1625.0000,1625.0000,0.0000,0.0000,7596696,123446,0,0,0,,,7590520.00,
17/10/2013,1539.6383,1625.0000,0.00,1625.0000,1625.0000,0.0000,0.0000,7596696,123446,0,0,0,,,7590520.00,
16/10/2013,1539.6383,1625.0000,0.00,1625.0000,1625.0000,1625.0000,1625.0000,7596696,123446,813,50,2,,,7590520.00,
15/10/2013,1539.6383,1625.0000,-3.85,1690.0000,1690.0000,1625.0000,1625.0000,7596696,123446,2503,154,1,,,7590520.00,
14/10/2013,1601.2238,1690.0000,0.00,1690.0000,1690.0000,0.0000,0.0000,7596696,128384,0,0,0,,,7590520.00,
13/10/2013,1601.2238,1690.0000,0.00,1690.0000,1690.0000,1690.0000,1690.0000,7596696,128384,6354,376,4,,,7590520.00,
10/10/2013,1601.2238,1690.0000,0.00,1690.0000,1690.0000,0.0000,0.0000,7596696,128384,0,0,0,,,7590520.00,
09/10/2013,1601.2238,1690.0000,-1.17,1710.0000,1710.0000,1690.0000,1690.0000,7596696,128384,6523,386,3,,,7590520.00,
08/10/2013,1620.1732,1710.0000,0.00,1710.0000,1710.0000,1710.0000,1710.0000,7596696,129904,6071,355,3,,,7590520.00,
07/10/2013,1620.1732,1710.0000,0.00,1710.0000,1710.0000,0.0000,0.0000,7596696,129904,0,0,0,,,7590520.00,
06/10/2013,1620.1732,1710.0000,-0.29,1715.0000,1715.0000,1660.0000,1660.0000,7596696,129904,199,12,1,,,7590520.00,
03/10/2013,1624.9106,1715.0000,-0.17,1718.0000,1718.0000,1718.0000,1692.0000,7596696,130283,9310,543,4,,,7590520.00,
02/10/2013,1627.7529,1718.0000,0.59,1708.0000,1708.0000,1776.0000,1708.0000,7596696,130511,9533,555,2,,,7590520.00,
01/10/2013,1618.2782,1708.0000,0.00,1708.0000,1708.0000,0.0000,0.0000,7596696,129752,0,0,0,,,7590520.00,
30/09/2013,1618.2782,1708.0000,-2.34,1749.0000,1749.0000,1789.0000,1640.0000,7596696,129752,7855,460,5,,,7590520.00,
29/09/2013,1657.1245,1749.0000,0.00,1749.0000,1749.0000,1749.0000,1749.0000,7596696,132866,84599,4837,1,,,7590520.00,
24/09/2013,1657.1245,1749.0000,0.00,1749.0000,1749.0000,0.0000,0.0000,7596696,132866,0,0,0,,,7590520.00,
23/09/2013,1657.1245,1749.0000,0.00,1749.0000,1749.0000,0.0000,0.0000,7596696,132866,0,0,0,,,7590520.00,
22/09/2013,1657.1245,1749.0000,0.00,1749.0000,1749.0000,0.0000,0.0000,7596696,132866,0,0,0,,,7590520.00,
17/09/2013,1657.1245,1749.0000,0.00,1749.0000,1749.0000,0.0000,0.0000,7596696,132866,0,0,0,,,7590520.00,
16/09/2013,1657.1245,1749.0000,0.00,1749.0000,1749.0000,0.0000,0.0000,7596696,132866,0,0,0,,,7590520.00,
15/09/2013,1657.1245,1749.0000,7.96,1620.0000,1620.0000,1749.0000,1749.0000,7596696,132866,4810,275,2,,,7590520.00,
12/09/2013,1534.9009,1620.0000,2.14,1586.0000,1586.0000,1620.0000,1620.0000,7596696,123066,2867,177,4,,,7590520.00,
11/09/2013,1502.6869,1586.0000,0.44,1579.0000,1579.0000,1586.0000,1586.0000,7596696,120484,8501,536,4,,,7590520.00,
10/09/2013,1496.0547,1579.0000,0.06,1578.0000,1578.0000,1579.0000,1579.0000,7596696,119952,13990,886,3,,,7590520.00,
09/09/2013,1495.1072,1578.0000,0.00,1578.0000,1578.0000,1578.0000,1578.0000,7596696,119876,13918,882,3,,,7590520.00,
08/09/2013,1495.1072,1578.0000,-1.68,1605.0000,1605.0000,1506.0000,1506.0000,7596696,119876,497,33,2,,,7590520.00,
03/09/2013,1520.6889,1605.0000,-1.83,1635.0000,1635.0000,1597.0000,1597.0000,7596696,121927,1501,94,2,,,7590520.00,
02/09/2013,1549.1130,1635.0000,-0.79,1608.0000,1648.0000,1648.0000,1608.0000,7596696,124206,5412,331,5,,,7590520.00,
01/09/2013,1561.4300,1648.0000,-1.67,1676.0000,1676.0000,1637.0000,1637.0000,7596696,125194,1424,87,3,,,7590520.00,
29/08/2013,1587.9592,1676.0000,0.00,1676.0000,1676.0000,0.0000,0.0000,7596696,127321,0,0,0,,,7590520.00,
28/08/2013,1587.9592,1676.0000,3.33,1622.0000,1622.0000,1690.0000,1660.0000,7596696,127321,19118,1141,7,,,7590520.00,
27/08/2013,1536.7958,1622.0000,-7.47,1672.0000,1753.0000,1672.0000,1597.0000,7596696,123218,34783,2141,14,,,7590520.00,
26/08/2013,1660.9144,1753.0000,-4.52,1836.0000,1836.0000,1793.0000,1694.0000,7596696,133170,11973,683,5,,,7590520.00,
25/08/2013,1739.5543,1836.0000,-2.18,1877.0000,1877.0000,1836.0000,1836.0000,7596696,139475,6665,363,3,,,7590520.00,
22/08/2013,1778.4007,1877.0000,-1.21,1900.0000,1900.0000,1900.0000,1856.0000,7596696,142590,6646,354,4,,,7590520.00,
21/08/2013,1800.1924,1900.0000,2.37,1856.0000,1856.0000,1910.0000,1900.0000,7596696,144337,16796,884,5,,,7590520.00,
20/08/2013,1758.5037,1856.0000,1.87,1866.0000,1822.0000,1866.0000,1822.0000,7596696,140995,27364,1474,6,,,7590520.00,
19/08/2013,1726.2898,1822.0000,1.79,1790.0000,1790.0000,1830.0000,1830.0000,7596696,138412,1775,97,2,,,7590520.00,
18/08/2013,1695.9707,1790.0000,2.81,1790.0000,1741.0000,1790.0000,1790.0000,7596696,135981,18437,1030,5,,,7590520.00,
15/08/2013,1649.5448,1741.0000,2.11,1705.0000,1705.0000,1750.0000,1740.0000,7596696,132258,18800,1080,2,,,7590520.00,
14/08/2013,1615.4359,1705.0000,0.00,1705.0000,1705.0000,1706.0000,1705.0000,7596696,129524,14289,838,6,,,7590520.00,
13/08/2013,1615.4359,1705.0000,-0.93,1721.0000,1721.0000,1681.0000,1681.0000,7596696,129524,824,49,1,,,7590520.00,
12/08/2013,1630.5954,1721.0000,-3.26,1779.0000,1779.0000,1760.0000,1696.0000,7596696,130739,10191,592,5,,,7590520.00,
11/08/2013,1685.5486,1779.0000,0.57,1769.0000,1769.0000,1799.0000,1738.0000,7596696,135145,5355,301,3,,,7590520.00,
08/08/2013,1676.0739,1769.0000,1.96,1770.0000,1735.0000,1770.0000,1769.0000,7596696,134386,2884,163,4,,,7590520.00,
07/08/2013,1643.8600,1735.0000,0.87,1720.0000,1720.0000,1750.0000,1750.0000,7596696,131803,1033,59,4,,,7590520.00,
06/08/2013,1629.6479,1720.0000,0.00,1720.0000,1720.0000,1720.0000,1720.0000,7596696,130663,396,23,1,,,7590520.00,
05/08/2013,1629.6479,1720.0000,2.81,1673.0000,1673.0000,1759.0000,1714.0000,7596696,130663,2391,139,2,,,7590520.00,
04/08/2013,1585.1168,1673.0000,0.00,1673.0000,1673.0000,0.0000,0.0000,7596696,127093,0,0,0,,,7590520.00,
01/08/2013,1585.1168,1673.0000,2.45,1633.0000,1633.0000,1673.0000,1673.0000,7596696,127093,2008,120,1,,,7590520.00,
31/07/2013,1547.2180,1633.0000,0.25,1669.0000,1629.0000,1669.0000,1669.0000,7596696,124054,184,11,1,,,7590520.00,
30/07/2013,1543.4282,1629.0000,0.93,1614.0000,1614.0000,1660.0000,1660.0000,7596696,123750,581,35,2,,,7590520.00,
29/07/2013,1529.2161,1614.0000,1.83,1585.0000,1585.0000,1628.0000,1628.0000,7596696,122611,1188,73,2,,,7590520.00,
28/07/2013,1501.7395,1585.0000,0.38,1579.0000,1579.0000,1600.0000,1600.0000,7596696,120408,528,33,2,,,7590520.00,
25/07/2013,1496.0547,1579.0000,0.06,1578.0000,1578.0000,1630.0000,1578.0000,7596696,119952,13229,838,2,,,7590520.00,
24/07/2013,1495.1072,1578.0000,-5.05,1662.0000,1662.0000,1622.0000,1555.0000,7596696,119876,25606,1623,8,,,7590520.00,
23/07/2013,1574.6946,1662.0000,4.66,1588.0000,1588.0000,1708.0000,1627.0000,7596696,126257,6481,390,5,,,7590520.00,
22/07/2013,1504.5819,1588.0000,1.08,1571.0000,1571.0000,1649.0000,1533.0000,7596696,120636,46666,2938,9,,,7590520.00,
21/07/2013,1488.4749,1571.0000,0.26,1567.0000,1567.0000,1610.0000,1610.0000,7596696,119344,145,9,1,,,7590520.00,
18/07/2013,1484.6850,1567.0000,2.08,1535.0000,1535.0000,1570.0000,1500.0000,7596696,119040,69834,4495,9,,,7590520.00,
17/07/2013,1454.3660,1535.0000,-4.95,1615.0000,1615.0000,1576.0000,1500.0000,7596696,116609,15349,1000,4,,,7590520.00,
15/07/2013,1530.1636,1615.0000,-3.75,1678.0000,1678.0000,1641.0000,1560.0000,7596696,122687,25217,1561,8,,,7590520.00,
14/07/2013,1589.8541,1678.0000,-3.95,1747.0000,1747.0000,1707.0000,1640.0000,7596696,127473,13523,806,6,,,7590520.00,
11/07/2013,1655.2296,1747.0000,-9.25,1925.0000,1925.0000,1841.0000,1733.0000,7596696,132714,26499,1517,9,,,7590520.00,
10/07/2013,1823.8792,1925.0000,0.00,1925.0000,1925.0000,0.0000,0.0000,7596696,146236,0,0,0,,,7590520.00,
09/07/2013,1823.8792,1925.0000,0.00,1925.0000,1925.0000,1925.0000,1925.0000,7596696,146236,154,8,1,,,7590520.00,
08/07/2013,1823.8792,1925.0000,0.00,1925.0000,1925.0000,0.0000,0.0000,7596696,146236,0,0,0,,,7590520.00,
07/07/2013,1823.8792,1925.0000,0.00,1925.0000,1925.0000,0.0000,0.0000,7596696,146236,0,0,0,,,7590520.00,
04/07/2013,1823.8792,1925.0000,3.49,1860.0000,1860.0000,1950.0000,1879.0000,7596696,146236,126362,6570,7,,,7590520.00,
03/07/2013,1762.2936,1860.0000,-0.53,1870.0000,1870.0000,1860.0000,1860.0000,7596696,141299,11792,634,2,,,7590520.00,
02/07/2013,1771.7683,1870.0000,1.25,1892.0000,1847.0000,1892.0000,1870.0000,7596696,142058,95036,5082,4,,,7590520.00,
01/07/2013,1749.9766,1847.0000,0.00,1847.0000,1847.0000,1847.0000,1847.0000,7596696,140311,554,30,1,,,7590520.00,
30/06/2013,1749.9766,1847.0000,0.00,1847.0000,1847.0000,0.0000,0.0000,7596696,140311,0,0,0,,,7590520.00,
27/06/2013,1749.9766,1847.0000,-0.11,1849.0000,1849.0000,1830.0000,1830.0000,7596696,140311,220,12,1,,,7590520.00,
26/06/2013,1751.8715,1849.0000,-0.05,1850.0000,1850.0000,1850.0000,1830.0000,7596696,140463,3846,208,2,,,7590520.00,
25/06/2013,1752.8189,1850.0000,-1.33,1875.0000,1875.0000,1819.0000,1819.0000,7596696,140539,910,50,1,,,7590520.00,
24/06/2013,1776.5057,1875.0000,-2.29,1919.0000,1919.0000,1875.0000,1875.0000,7596696,142438,7031,375,4,,,7590520.00,
23/06/2013,1818.1944,1919.0000,-2.59,1970.0000,1970.0000,1923.0000,1880.0000,7596696,145781,10094,526,4,,,7590520.00,
20/06/2013,1866.5153,1970.0000,0.15,1967.0000,1967.0000,1999.0000,1999.0000,7596696,149655,200,10,1,,,7590520.00,
19/06/2013,1863.6729,1967.0000,-2.77,2023.0000,2023.0000,1974.0000,1950.0000,7596696,149427,4583,233,3,,,7590520.00,
18/06/2013,1916.7312,2023.0000,1.20,2048.0000,1999.0000,2048.0000,2019.0000,7596696,153681,34672,1714,7,,,7590520.00,
17/06/2013,1893.9920,1999.0000,-8.55,2186.0000,2186.0000,2199.0000,1971.0000,7596696,151858,159056,7776,21,,,7590520.00,
16/06/2013,2071.1687,2186.0000,9.46,2046.0000,1997.0000,2240.0000,1995.0000,7596696,166064,123854,5791,20,,,7590520.00,
13/06/2013,1892.0970,1997.0000,6.00,1884.0000,1884.0000,1997.0000,1816.0000,7596696,151706,1275988,64109,41,,,,
12/06/2013,1785.0329,1884.0000,2.89,1831.0000,1831.0000,1894.0000,1830.0000,7596696,143122,65862,3495,8,,,,
11/06/2013,1734.8170,1831.0000,-3.63,1900.0000,1900.0000,1897.0000,1830.0000,7596696,139096,101687,5481,7,,,,
10/06/2013,1800.1924,1900.0000,0.00,1900.0000,1900.0000,1900.0000,1900.0000,7596696,144337,30685,1615,1,,,,
09/06/2013,1800.1924,1900.0000,-0.21,1904.0000,1904.0000,1900.0000,1900.0000,7596696,144337,16454,866,2,,,,
06/06/2013,1803.9823,1904.0000,0.00,1904.0000,1904.0000,1904.0000,1904.0000,7596696,144641,6074,319,1,,,,
05/06/2013,1803.9823,1904.0000,0.26,1899.0000,1899.0000,1929.0000,1890.0000,7596696,144641,24032,1262,3,,,,
04/06/2013,1799.2450,1899.0000,4.63,1815.0000,1815.0000,1900.0000,1887.0000,7596696,144261,209910,11068,5,,,,
03/06/2013,1719.6575,1815.0000,-0.82,1830.0000,1830.0000,1822.0000,1815.0000,7596696,137880,65306,3596,5,,,,
02/06/2013,1733.8695,1830.0000,1.16,1809.0000,1809.0000,1830.0000,1830.0000,7596696,139020,2013,110,2,,,,
30/05/2013,1713.9727,1809.0000,0.00,1809.0000,1809.0000,0.0000,0.0000,7596696,137424,0,0,0,,,,
29/05/2013,1713.9727,1809.0000,-0.55,1830.0000,1819.0000,1830.0000,1800.0000,7596696,137424,13008,719,2,,,,
28/05/2013,1723.4474,1819.0000,0.00,1819.0000,1819.0000,0.0000,0.0000,7596696,138184,0,0,0,,,,
27/05/2013,1723.4474,1819.0000,0.00,1819.0000,1819.0000,0.0000,0.0000,7596696,138184,0,0,0,,,,
26/05/2013,1723.4474,1819.0000,1.11,1799.0000,1799.0000,1819.0000,1819.0000,7596696,138184,48822,2684,2,,,,
23/05/2013,1704.4980,1799.0000,0.00,1799.0000,1799.0000,0.0000,0.0000,7596696,136665,0,0,0,,,,
22/05/2013,1704.4980,1799.0000,0.00,1799.0000,1799.0000,0.0000,0.0000,7596696,136665,0,0,0,,,,
21/05/2013,1704.4980,1799.0000,0.00,1799.0000,1799.0000,0.0000,0.0000,7596696,136665,0,0,0,,,,
20/05/2013,1704.4980,1799.0000,0.67,1787.0000,1787.0000,1799.0000,1799.0000,7596696,136665,17990,1000,1,,,,
19/05/2013,1693.1284,1787.0000,1.48,1761.0000,1761.0000,1799.0000,1701.0000,7596696,135753,41039,2296,5,,,,
16/05/2013,1668.4942,1761.0000,-0.28,1766.0000,1766.0000,1761.0000,1761.0000,7596696,133778,3522,200,1,EX D,0.98166,,
13/05/2013,1673.2410,1799.0000,2.57,1754.0000,1754.0000,1799.0000,1799.0000,7596696,136665,125930,7000,4,,,,
12/05/2013,1631.3817,1754.0000,0.00,1754.0000,1754.0000,0.0000,0.0000,7596696,133246,0,0,0,,,,
09/05/2013,1631.3817,1754.0000,0.00,1754.0000,1754.0000,0.0000,0.0000,7596696,133246,0,0,0,,,,
08/05/2013,1631.3817,1754.0000,0.00,1754.0000,1754.0000,0.0000,0.0000,7596696,133246,0,0,0,,,,
07/05/2013,1631.3817,1754.0000,0.00,1754.0000,1754.0000,0.0000,0.0000,7596696,133246,0,0,0,,,,
06/05/2013,1631.3817,1754.0000,-4.36,1834.0000,1834.0000,1764.0000,1750.0000,7596696,133246,6210,354,2,,,,
05/05/2013,1705.7866,1834.0000,0.00,1834.0000,1834.0000,0.0000,0.0000,7596696,139323,0,0,0,,,,
02/05/2013,1705.7866,1834.0000,0.00,1834.0000,1834.0000,1834.0000,1834.0000,7596696,139323,3998,218,2,,,,
01/05/2013,1705.7866,1834.0000,0.00,1834.0000,1834.0000,0.0000,0.0000,7596696,139323,0,0,0,,,,
30/04/2013,1705.7866,1834.0000,0.00,1834.0000,1834.0000,0.0000,0.0000,7596696,139323,0,0,0,,,,
29/04/2013,1705.7866,1834.0000,0.00,1834.0000,1834.0000,0.0000,0.0000,7596696,139323,0,0,0,,,,
28/04/2013,1705.7866,1834.0000,0.00,1834.0000,1834.0000,0.0000,0.0000,7596696,139323,0,0,0,,,,
25/04/2013,1705.7866,1834.0000,0.00,1834.0000,1834.0000,0.0000,0.0000,7596696,139323,0,0,0,,,,
24/04/2013,1705.7866,1834.0000,0.00,1834.0000,1834.0000,0.0000,0.0000,7596696,139323,0,0,0,,,,
23/04/2013,1705.7866,1834.0000,0.00,1834.0000,1834.0000,0.0000,0.0000,7596696,139323,0,0,0,,,,
22/04/2013,1705.7866,1834.0000,0.00,1834.0000,1834.0000,0.0000,0.0000,7596696,139323,0,0,0,,,,
21/04/2013,1705.7866,1834.0000,0.00,1834.0000,1834.0000,0.0000,0.0000,7596696,139323,0,0,0,,,,
18/04/2013,1705.7866,1834.0000,0.00,1834.0000,1834.0000,0.0000,0.0000,7596696,139323,0,0,0,,,,
17/04/2013,1705.7866,1834.0000,0.00,1834.0000,1834.0000,0.0000,0.0000,7596696,139323,0,0,0,,,,
14/04/2013,1705.7866,1834.0000,0.00,1834.0000,1834.0000,0.0000,0.0000,7596696,139323,0,0,0,EX D,0.98232,,
11/04/2013,1705.7771,1867.0000,0.00,1867.0000,1867.0000,0.0000,0.0000,7596696,141830,0,0,0,,,,
10/04/2013,1705.7771,1867.0000,0.00,1867.0000,1867.0000,0.0000,0.0000,7596696,141830,0,0,0,,,,
09/04/2013,1705.7771,1867.0000,0.00,1867.0000,1867.0000,0.0000,0.0000,7596696,141830,0,0,0,,,,
08/04/2013,1705.7771,1867.0000,0.00,1867.0000,1867.0000,0.0000,0.0000,7596696,141830,0,0,0,,,,
07/04/2013,1705.7771,1867.0000,0.43,1859.0000,1859.0000,1868.0000,1800.0000,7596696,141830,231395,12581,9,,,,
04/04/2013,1698.4721,1859.0000,1.09,1839.0000,1839.0000,1859.0000,1859.0000,7596696,141223,3718,200,1,,,,
03/04/2013,1680.2048,1839.0000,0.55,1839.0000,1829.0000,1839.0000,1839.0000,7596696,139703,2207,120,1,,,,
02/04/2013,1671.0618,1829.0000,2.70,1781.0000,1781.0000,1829.0000,1829.0000,7596696,138944,41335,2260,1,,,,
28/03/2013,1627.2034,1781.0000,0.00,1781.0000,1781.0000,0.0000,0.0000,7596696,135297,0,0,0,,,,
27/03/2013,1627.2034,1781.0000,0.00,1781.0000,1781.0000,1781.0000,1781.0000,7596696,135297,24934,1400,2,,,,
24/03/2013,1627.2034,1781.0000,0.91,1765.0000,1765.0000,1781.0000,1781.0000,7596696,135297,45237,2540,3,,,,
21/03/2013,1612.5839,1765.0000,0.00,1765.0000,1765.0000,1765.0000,1765.0000,7596696,134082,34012,1927,2,,,,
20/03/2013,1612.5839,1765.0000,0.00,1765.0000,1765.0000,0.0000,0.0000,7596696,134082,0,0,0,,,,
19/03/2013,1612.5839,1765.0000,0.00,1780.0000,1765.0000,1780.0000,1780.0000,7596696,134082,18,1,1,,,,
18/03/2013,1612.5839,1765.0000,-3.66,1832.0000,1832.0000,1765.0000,1765.0000,7596696,134082,1942,110,1,,,,
17/03/2013,1673.8094,1832.0000,0.00,1850.0000,1832.0000,1850.0000,1850.0000,7596696,139171,19,1,1,,,,
14/03/2013,1673.8094,1832.0000,3.97,1830.0000,1762.0000,1850.0000,1830.0000,7596696,139171,2216,121,3,,,,
13/03/2013,1609.8553,1762.0000,-4.81,1851.0000,1851.0000,1762.0000,1762.0000,7596696,133854,1938,110,1,,,,
12/03/2013,1691.1576,1851.0000,0.00,1851.0000,1851.0000,0.0000,0.0000,7596696,140615,0,0,0,,,,
11/03/2013,1691.1576,1851.0000,3.52,1788.0000,1788.0000,1857.0000,1849.0000,7596696,140615,2036,110,2,,,,
10/03/2013,1633.6083,1788.0000,-3.82,1859.0000,1859.0000,1788.0000,1788.0000,7596696,135829,3969,222,3,,,,
07/03/2013,1698.4721,1859.0000,2.88,1807.0000,1807.0000,1859.0000,1859.0000,7596696,141223,2045,110,1,,,,
06/03/2013,1650.9659,1807.0000,-3.21,1867.0000,1867.0000,1850.0000,1781.0000,7596696,137272,5962,330,3,,,,
05/03/2013,1705.7771,1867.0000,-2.05,1938.0000,1906.0000,1938.0000,1864.0000,7596696,141830,2147,115,2,,,,
04/03/2013,1741.4114,1906.0000,1.06,1886.0000,1886.0000,1906.0000,1906.0000,7596696,144793,2097,110,1,,,,
03/03/2013,1723.1442,1886.0000,0.37,1951.0000,1879.0000,1951.0000,1951.0000,7596696,143274,195,10,1,,,,
28/02/2013,1716.7487,1879.0000,2.40,1835.0000,1835.0000,1879.0000,1879.0000,7596696,142742,2443,130,1,,,,
27/02/2013,1676.5476,1835.0000,3.85,1767.0000,1767.0000,1890.0000,1835.0000,7596696,139399,2404,131,2,,,,
26/02/2013,1614.4220,1767.0000,-1.61,1740.0000,1796.0000,1861.0000,1740.0000,7596696,134234,5866,332,3,,,,
25/02/2013,1640.9133,1796.0000,3.82,1796.0000,1730.0000,1796.0000,1796.0000,7596696,136437,2425,135,2,,,,
21/02/2013,1580.6069,1730.0000,0.00,1730.0000,1730.0000,1730.0000,1730.0000,7596696,131423,3996,231,2,,,,
20/02/2013,1580.6069,1730.0000,0.41,1730.0000,1723.0000,1730.0000,1730.0000,7596696,131423,5000,289,1,,,,
19/02/2013,1574.2209,1723.0000,0.00,1723.0000,1723.0000,0.0000,0.0000,7596696,130891,0,0,0,,,,
18/02/2013,1574.2209,1723.0000,3.24,1711.0000,1669.0000,1777.0000,1711.0000,7596696,130891,4135,240,3,,,,
17/02/2013,1524.8766,1669.0000,1.27,1680.0000,1648.0000,1680.0000,1648.0000,7596696,126789,6359,381,4,,,,
14/02/2013,1505.6905,1648.0000,2.17,1613.0000,1613.0000,1707.0000,1619.0000,7596696,125194,8404,510,4,,,,
13/02/2013,1473.7133,1613.0000,-0.37,1619.0000,1619.0000,1619.0000,1600.0000,7596696,122535,10486,650,4,,,,
12/02/2013,1479.1992,1619.0000,0.00,1619.0000,1619.0000,0.0000,0.0000,7596696,122991,0,0,0,,,,
11/02/2013,1479.1992,1619.0000,1.12,1601.0000,1601.0000,1644.0000,1583.0000,7596696,122991,5504,340,2,,,,
10/02/2013,1462.7511,1601.0000,0.00,1601.0000,1601.0000,0.0000,0.0000,7596696,121623,0,0,0,,,,
07/02/2013,1462.7511,1601.0000,0.00,1601.0000,1601.0000,0.0000,0.0000,7596696,121623,0,0,0,,,,
06/02/2013,1462.7511,1601.0000,0.00,1601.0000,1601.0000,0.0000,0.0000,7596696,121623,0,0,0,,,,
05/02/2013,1462.7511,1601.0000,1.33,1580.0000,1580.0000,1625.0000,1563.0000,7596696,121623,5282,330,2,,,,
04/02/2013,1443.5743,1580.0000,2.20,1546.0000,1546.0000,1599.0000,1487.0000,7596696,120028,44413,2830,5,,,,
03/02/2013,1412.5068,1546.0000,1.31,1526.0000,1526.0000,1549.0000,1526.0000,7596696,117445,39144,2532,4,,,,
31/01/2013,1394.2300,1526.0000,0.00,1526.0000,1526.0000,0.0000,0.0000,7596696,115926,0,0,0,,,,
30/01/2013,1394.2300,1526.0000,0.00,1526.0000,1526.0000,0.0000,0.0000,7596696,115926,0,0,0,,,,
29/01/2013,1394.2300,1526.0000,-3.78,1586.0000,1586.0000,1526.0000,1526.0000,7596696,115926,2442,160,1,,,,
28/01/2013,1449.0507,1586.0000,-0.06,1587.0000,1587.0000,1586.0000,1586.0000,7596696,120484,14988,945,1,,,,
27/01/2013,1449.9602,1587.0000,2.39,1550.0000,1550.0000,1589.0000,1585.0000,7596696,120560,36527,2302,2,,,,
24/01/2013,1416.1640,1550.0000,0.00,1550.0000,1550.0000,0.0000,0.0000,7596696,117749,0,0,0,,,,
23/01/2013,1416.1640,1550.0000,0.00,1550.0000,1550.0000,0.0000,0.0000,7596696,117749,0,0,0,,,,
21/01/2013,1416.1640,1550.0000,0.00,1550.0000,1550.0000,0.0000,0.0000,7596696,117749,0,0,0,,,,
20/01/2013,1416.1640,1550.0000,0.00,1550.0000,1550.0000,0.0000,0.0000,7596696,117749,0,0,0,,,,
17/01/2013,1416.1640,1550.0000,0.00,1550.0000,1550.0000,0.0000,0.0000,7596696,117749,0,0,0,,,,
16/01/2013,1416.1640,1550.0000,0.00,1550.0000,1550.0000,0.0000,0.0000,7596696,117749,0,0,0,,,,
15/01/2013,1416.1640,1550.0000,0.00,1550.0000,1550.0000,0.0000,0.0000,7596696,117749,0,0,0,,,,
14/01/2013,1416.1640,1550.0000,3.33,1500.0000,1500.0000,1550.0000,1550.0000,7596696,117749,7750,500,1,,,,
13/01/2013,1370.4770,1500.0000,1.35,1480.0000,1480.0000,1651.0000,1424.0000,7596696,113950,42792,2868,5,,,,
10/01/2013,1352.2004,1480.0000,3.50,1430.0000,1430.0000,1480.0000,1480.0000,7596696,112431,136160,9200,1,,,,
09/01/2013,1306.5228,1430.0000,2.29,1398.0000,1398.0000,1475.0000,1429.0000,7596696,108633,142223,9943,2,,,,
08/01/2013,1277.2744,1398.0000,-0.07,1399.0000,1399.0000,1398.0000,1398.0000,7596696,106202,70054,5011,2,,,,
07/01/2013,1278.2029,1399.0000,0.00,1399.0000,1399.0000,1399.0000,1399.0000,7596696,106278,4952,354,1,,,,
06/01/2013,1278.2029,1399.0000,0.00,1399.0000,1399.0000,0.0000,0.0000,7596696,106278,0,0,0,,,,
03/01/2013,1278.2029,1399.0000,2.42,1366.0000,1366.0000,1399.0000,1399.0000,7596696,106278,4994,357,1,,,,
02/01/2013,1248.0449,1366.0000,3.88,1315.0000,1315.0000,1366.0000,1366.0000,7596696,103771,3142,230,3,,,,
01/01/2013,1201.4484,1315.0000,5.45,1247.0000,1247.0000,1315.0000,1247.0000,7596696,99897,167230,13000,4,,,,
31/12/2012,1139.3134,1247.0000,0.00,1247.0000,1247.0000,0.0000,0.0000,7596696,94731,0,0,0,,,,
30/12/2012,1139.3134,1247.0000,0.00,1247.0000,1247.0000,0.0000,0.0000,7596696,94731,0,0,0,,,,
27/12/2012,1139.3134,1247.0000,0.00,1247.0000,1247.0000,0.0000,0.0000,7596696,94731,0,0,0,,,,
26/12/2012,1139.3134,1247.0000,3.92,1200.0000,1200.0000,1247.0000,1247.0000,7596696,94731,29841,2393,2,,,,
25/12/2012,1096.3741,1200.0000,0.00,1200.0000,1200.0000,0.0000,0.0000,7596696,91160,0,0,0,,,,
24/12/2012,1096.3741,1200.0000,-6.76,1287.0000,1287.0000,1238.0000,1200.0000,7596696,91160,123561,10292,4,,,,
23/12/2012,1175.8667,1287.0000,0.00,1287.0000,1287.0000,0.0000,0.0000,7596696,97769,0,0,0,,,,
20/12/2012,1175.8667,1287.0000,0.00,1287.0000,1287.0000,1287.0000,1286.0000,7596696,97769,31650,2460,2,,,,
19/12/2012,1175.8667,1287.0000,1.90,1263.0000,1263.0000,1331.0000,1280.0000,7596696,97769,14796,1150,2,,,,
18/12/2012,1153.9422,1263.0000,0.24,1308.0000,1260.0000,1308.0000,1308.0000,7596696,95946,131,10,1,,,,
17/12/2012,1151.1946,1260.0000,0.72,1251.0000,1251.0000,1260.0000,1260.0000,7596696,95718,24948,1980,2,,,,
16/12/2012,1142.9706,1251.0000,0.08,1250.0000,1250.0000,1260.0000,1250.0000,7596696,95035,30528,2441,3,,,,
13/12/2012,1142.0610,1250.0000,-7.68,1354.0000,1354.0000,1354.0000,1250.0000,7596696,94959,480260,38290,16,,,7590520.00,
12/12/2012,1237.0828,1354.0000,-0.81,1365.0000,1365.0000,1375.0000,1330.0000,7596696,102859,81002,5993,12,,,7590520.00,
11/12/2012,1247.1354,1365.0000,1.19,1317.0000,1349.0000,1365.0000,1316.0000,7596696,103695,242298,17804,18,,,7590520.00,
10/12/2012,1232.5159,1349.0000,0.37,1344.0000,1344.0000,1350.0000,1350.0000,7596696,102479,1688,125,2,EX D,0.97603,7590520.00,
09/12/2012,1227.9397,1377.0000,2.46,1344.0000,1344.0000,1377.0000,1377.0000,7596696,104607,6913,502,4,,,7590520.00,
06/12/2012,1198.5112,1344.0000,-0.44,1340.0000,1350.0000,1350.0000,1340.0000,7596696,102100,15299,1138,6,,,7590520.00,
05/12/2012,1203.8550,1350.0000,4.25,1295.0000,1295.0000,1359.0000,1295.0000,7596696,102555,90699,6754,16,,,7590520.00,
04/12/2012,1154.8139,1295.0000,7.47,1205.0000,1205.0000,1295.0000,1295.0000,7596696,98377,3587,277,3,,,7590520.00,
03/12/2012,1074.5633,1205.0000,-0.82,1215.0000,1215.0000,1219.0000,1190.0000,7596696,91540,63335,5255,7,,,7590520.00,
02/12/2012,1083.4790,1215.0000,1.17,1201.0000,1201.0000,1235.0000,1215.0000,7596696,92300,34574,2845,3,,,7590520.00,
29/11/2012,1070.9914,1201.0000,0.42,1196.0000,1196.0000,1235.0000,1195.0000,7596696,91236,494650,41281,19,,,7590520.00,
28/11/2012,1066.5287,1196.0000,0.00,1196.0000,1196.0000,0.0000,0.0000,7596696,90856,0,0,0,,,7590520.00,
27/11/2012,1066.5287,1196.0000,0.67,1188.0000,1188.0000,1199.0000,1190.0000,7596696,90856,24664,2062,5,,,7590520.00,
26/11/2012,1059.3943,1188.0000,2.24,1162.0000,1162.0000,1198.0000,1162.0000,7596696,90249,8769,738,3,,,7590520.00,
25/11/2012,1036.2192,1162.0000,5.83,1098.0000,1098.0000,1193.0000,1125.0000,7596696,88274,38111,3290,10,,,7590520.00,
22/11/2012,979.1341,1098.0000,0.92,1088.0000,1088.0000,1098.0000,1098.0000,7596696,83412,26835,2444,3,,,7590520.00,
21/11/2012,970.2279,1088.0000,0.28,1085.0000,1085.0000,1090.0000,1085.0000,7596696,82652,25139,2310,3,,,7590520.00,
20/11/2012,967.5466,1085.0000,0.93,1075.0000,1075.0000,1085.0000,1084.0000,7596696,82424,19104,1761,2,,,7590520.00,
19/11/2012,958.6309,1075.0000,1.90,1055.0000,1055.0000,1075.0000,1075.0000,7596696,81664,16985,1580,1,,,7590520.00,
18/11/2012,940.7900,1055.0000,0.00,1055.0000,1055.0000,0.0000,0.0000,7596696,80145,0,0,0,,,7590520.00,
15/11/2012,940.7900,1055.0000,0.00,1055.0000,1055.0000,1055.0000,1055.0000,7596696,80145,14992,1421,2,,,7590520.00,
14/11/2012,940.7900,1055.0000,0.00,1055.0000,1055.0000,0.0000,0.0000,7596696,80145,0,0,0,,,7590520.00,
13/11/2012,940.7900,1055.0000,0.00,1055.0000,1055.0000,0.0000,0.0000,7596696,80145,0,0,0,,,7590520.00,
12/11/2012,940.7900,1055.0000,1.54,1039.0000,1039.0000,1055.0000,1055.0000,7596696,80145,11468,1087,3,,,7590520.00,
11/11/2012,926.5306,1039.0000,1.27,1039.0000,1026.0000,1039.0000,1039.0000,7596696,78930,6774,652,2,,,7590520.00,
08/11/2012,914.9431,1026.0000,0.00,1026.0000,1026.0000,0.0000,0.0000,7596696,77942,0,0,0,,,7590520.00,
07/11/2012,914.9431,1026.0000,-3.02,1058.0000,1058.0000,973.4000,973.4000,7596696,77942,701,72,2,,,7590520.00,
06/11/2012,943.4714,1058.0000,0.00,1058.0000,1058.0000,0.0000,0.0000,7596696,80373,0,0,0,,,7590520.00,
05/11/2012,943.4714,1058.0000,0.57,1052.0000,1052.0000,1070.0000,1070.0000,7596696,80373,685,64,1,,,7590520.00,
04/11/2012,938.1182,1052.0000,0.38,1048.0000,1048.0000,1070.0000,1070.0000,7596696,79917,396,37,1,,,7590520.00,
01/11/2012,934.5557,1048.0000,1.26,1035.0000,1035.0000,1070.0000,1048.0000,7596696,79613,21014,2005,2,,,7590520.00,
31/10/2012,922.9587,1035.0000,1.47,1020.0000,1020.0000,1035.0000,996.0000,7596696,78626,15704,1518,3,,,7590520.00,
30/10/2012,909.5804,1020.0000,2.00,1000.0000,1000.0000,1035.0000,985.0000,7596696,77486,106687,10487,7,,,7590520.00,
29/10/2012,891.7490,1000.0000,3.33,967.8000,967.8000,1000.0000,970.0000,7596696,75967,259361,25956,6,,,7590520.00,
28/10/2012,863.0312,967.8000,0.81,960.0000,960.0000,969.0000,940.1000,7596696,73521,4742,490,2,,,7590520.00,
25/10/2012,856.0768,960.0000,2.87,933.2000,933.2000,960.0000,944.9000,7596696,72928,279081,29120,3,,,7590520.00,
24/10/2012,832.1815,933.2000,-1.25,945.0000,945.0000,926.1000,926.1000,7596696,70892,1445,156,1,,,7590520.00,
23/10/2012,842.6985,945.0000,3.81,910.3000,910.3000,945.0000,945.0000,7596696,71789,2362,250,1,,,7590520.00,
22/10/2012,811.7542,910.3000,1.37,898.0000,898.0000,932.2000,900.0000,7596696,69153,369036,40568,4,,,7590520.00,
21/10/2012,800.7824,898.0000,1.73,882.7000,882.7000,900.0000,891.0000,7596696,68218,5280,588,2,,,7590520.00,
18/10/2012,787.1483,882.7000,3.49,852.9000,852.9000,900.0000,900.0000,7596696,67056,1422,158,1,,,7590520.00,
17/10/2012,760.5718,852.9000,0.00,852.9000,852.9000,0.0000,0.0000,7596696,64792,0,0,0,,,7590520.00,
16/10/2012,760.5718,852.9000,-0.14,854.1000,854.1000,833.5000,833.5000,7596696,64792,125,15,2,,,7590520.00,
15/10/2012,761.6424,854.1000,0.00,854.1000,854.1000,854.1000,854.1000,7596696,64883,453,53,2,,,7590520.00,
14/10/2012,761.6424,854.1000,-1.13,863.9000,863.9000,846.6000,846.6000,7596696,64883,1194,141,1,,,7590520.00,
11/10/2012,770.3781,863.9000,0.00,863.9000,863.9000,0.0000,0.0000,7596696,65628,0,0,0,,,7590520.00,
10/10/2012,770.3781,863.9000,0.00,863.9000,863.9000,863.9000,863.9000,7596696,65628,3456,400,2,,,7590520.00,
09/10/2012,770.3781,863.9000,3.61,833.8000,833.8000,881.1000,813.6000,7596696,65628,40264,4689,12,,,7590520.00,
04/10/2012,743.5363,833.8000,2.13,816.4000,816.4000,836.3000,825.0000,7596696,63341,4061,487,3,,,7590520.00,
03/10/2012,728.0167,816.4000,1.05,807.9000,807.9000,824.0000,815.9000,7596696,62019,7053,864,5,,,7590520.00,
02/10/2012,720.4370,807.9000,0.00,807.9000,807.9000,0.0000,0.0000,7596696,61374,0,0,0,,,7590520.00,
27/09/2012,720.4370,807.9000,0.99,800.0000,800.0000,820.0000,800.0000,7596696,61374,18565,2298,6,,,7590520.00,
24/09/2012,713.3973,800.0000,-0.55,804.4000,804.4000,800.0000,800.0000,7596696,60774,3376,422,4,,,7590520.00,
23/09/2012,717.3293,804.4000,2.43,785.3000,785.3000,804.4000,804.4000,7596696,61108,2043,254,2,,,7590520.00,
20/09/2012,700.2938,785.3000,-0.13,786.3000,786.3000,762.7000,762.7000,7596696,59657,76,10,1,,,7590520.00,
19/09/2012,701.1749,786.3000,-1.92,801.7000,801.7000,773.6000,773.6000,7596696,59733,1021,132,2,,,7590520.00,
13/09/2012,714.9132,801.7000,-2.42,821.6000,821.6000,801.7000,801.7000,7596696,60903,25286,3154,7,,,7590520.00,
12/09/2012,732.6594,821.6000,-2.77,845.0000,845.0000,824.5000,795.6000,7596696,62414,3295,401,2,,,7590520.00,
11/09/2012,753.5321,845.0000,0.00,845.0000,845.0000,0.0000,0.0000,7596696,64192,0,0,0,,,7590520.00,
10/09/2012,753.5321,845.0000,0.00,845.0000,845.0000,0.0000,0.0000,7596696,64192,0,0,0,,,7590520.00,
09/09/2012,753.5321,845.0000,0.00,845.0000,845.0000,845.0000,845.0000,7596696,64192,84,10,1,,,7590520.00,
06/09/2012,753.5321,845.0000,1.45,832.9000,832.9000,845.0000,845.0000,7596696,64192,6050,716,3,,,7590520.00,
05/09/2012,742.7404,832.9000,4.50,797.0000,797.0000,850.0000,816.5000,7596696,63273,5963,716,2,,,7590520.00,
04/09/2012,710.7350,797.0000,-0.82,803.6000,803.6000,747.4000,747.4000,7596696,60546,209,28,2,,,7590520.00,
03/09/2012,716.6092,803.6000,-3.49,832.7000,832.7000,803.6000,803.6000,7596696,61047,2089,260,3,,,7590520.00,
02/09/2012,742.5604,832.7000,-0.34,835.5000,835.5000,818.8000,818.8000,7596696,63258,336,41,1,,,7590520.00,
30/08/2012,745.0523,835.5000,-5.95,888.4000,888.4000,835.0000,835.0000,7596696,63470,1820,218,4,,,7590520.00,
29/08/2012,792.2362,888.4000,-0.43,892.2000,892.2000,871.0000,871.0000,7596696,67489,340,39,2,,,7590520.00,
28/08/2012,795.6093,892.2000,3.06,865.7000,865.7000,900.0000,886.8000,7596696,67778,5005,561,4,,,7590520.00,
27/08/2012,771.9888,865.7000,-2.69,889.6000,889.6000,863.0000,863.0000,7596696,65765,1709,198,2,,,7590520.00,
26/08/2012,793.3069,889.6000,0.00,889.6000,889.6000,0.0000,0.0000,7596696,67580,0,0,0,,,7590520.00,
23/08/2012,793.3069,889.6000,-1.19,900.3000,900.3000,873.3000,873.3000,7596696,67580,760,87,1,,,7590520.00,
22/08/2012,802.8384,900.3000,0.00,900.3000,900.3000,0.0000,0.0000,7596696,68393,0,0,0,,,7590520.00,
21/08/2012,802.8384,900.3000,0.00,900.3000,900.3000,0.0000,0.0000,7596696,68393,0,0,0,,,7590520.00,
20/08/2012,802.8384,900.3000,0.00,900.3000,900.3000,0.0000,0.0000,7596696,68393,0,0,0,,,7590520.00,
19/08/2012,802.8384,900.3000,-1.22,911.4000,911.4000,893.2000,893.2000,7596696,68393,1197,134,1,,,7590520.00,
16/08/2012,812.7301,911.4000,0.00,911.4000,911.4000,0.0000,0.0000,7596696,69236,0,0,0,,,7590520.00,
15/08/2012,812.7301,911.4000,0.00,911.4000,911.4000,0.0000,0.0000,7596696,69236,0,0,0,,,7590520.00,
14/08/2012,812.7301,911.4000,0.00,911.4000,911.4000,0.0000,0.0000,7596696,69236,0,0,0,,,7590520.00,
13/08/2012,812.7301,911.4000,4.06,875.8000,875.8000,928.0000,897.1000,7596696,69236,8002,878,3,,,7590520.00,
12/08/2012,780.9993,875.8000,0.00,875.8000,875.8000,0.0000,0.0000,7596696,66532,0,0,0,,,7590520.00,
09/08/2012,780.9993,875.8000,-0.99,884.6000,884.6000,875.8000,875.8000,7596696,66532,2277,260,2,,,7590520.00,
08/08/2012,788.8538,884.6000,0.00,884.6000,884.6000,0.0000,0.0000,7596696,67200,0,0,0,,,7590520.00,
07/08/2012,788.8538,884.6000,-2.43,906.6000,906.6000,884.6000,884.6000,7596696,67200,2928,331,1,,,7590520.00,
06/08/2012,808.4664,906.6000,2.43,885.1000,885.1000,906.6000,906.6000,7596696,68872,3345,369,3,,,7590520.00,
05/08/2012,789.2897,885.1000,-1.00,894.0000,894.0000,873.0000,873.0000,7596696,67238,812,93,2,,,7590520.00,
02/08/2012,797.2199,894.0000,-0.42,897.8000,897.8000,888.9000,888.9000,7596696,67914,844,95,2,,,7590520.00,
01/08/2012,800.6119,897.8000,0.00,897.8000,897.8000,0.0000,0.0000,7596696,68203,0,0,0,,,7590520.00,
31/07/2012,800.6119,897.8000,2.38,876.9000,876.9000,898.2000,896.1000,7596696,68203,5710,636,4,,,7590520.00,
30/07/2012,781.9752,876.9000,2.43,856.1000,856.1000,876.9000,876.9000,7596696,66615,2631,300,1,,,7590520.00,
26/07/2012,763.4332,856.1000,0.00,856.1000,856.1000,0.0000,0.0000,7596696,65035,0,0,0,,,7590520.00,
25/07/2012,763.4332,856.1000,-0.45,860.0000,860.0000,800.0000,800.0000,7596696,65035,120,15,1,,,7590520.00,
24/07/2012,766.9104,860.0000,0.00,860.0000,860.0000,860.0000,860.0000,7596696,65332,5805,675,1,,,7590520.00,
23/07/2012,766.9104,860.0000,0.00,860.0000,860.0000,860.0000,860.0000,7596696,65332,43,5,1,,,7590520.00,
22/07/2012,766.9104,860.0000,0.00,860.0000,860.0000,860.0000,860.0000,7596696,65332,258,30,3,,,7590520.00,
19/07/2012,766.9104,860.0000,-0.76,866.6000,866.6000,860.0000,860.0000,7596696,65332,2546,296,3,,,7590520.00,
18/07/2012,772.7941,866.6000,0.00,866.6000,866.6000,0.0000,0.0000,7596696,65833,0,0,0,,,7590520.00,
17/07/2012,772.7941,866.6000,0.00,866.6000,866.6000,866.6000,860.0000,7596696,65833,781505,90182,4,,,7590520.00,
16/07/2012,772.7941,866.6000,0.00,866.6000,866.6000,0.0000,0.0000,7596696,65833,0,0,0,,,7590520.00,
15/07/2012,772.7941,866.6000,0.00,866.6000,866.6000,0.0000,0.0000,7596696,65833,0,0,0,,,7590520.00,
12/07/2012,772.7941,866.6000,-3.24,895.6000,895.6000,895.6000,816.9000,7596696,65833,13909,1605,6,,,7590520.00,
11/07/2012,798.6507,895.6000,0.00,895.6000,895.6000,0.0000,0.0000,7596696,68036,0,0,0,,,7590520.00,
10/07/2012,798.6507,895.6000,0.00,895.6000,895.6000,0.0000,0.0000,7596696,68036,0,0,0,,,7590520.00,
09/07/2012,798.6507,895.6000,0.00,895.6000,895.6000,0.0000,0.0000,7596696,68036,0,0,0,,,7590520.00,
08/07/2012,798.6507,895.6000,0.00,895.6000,895.6000,895.6000,895.6000,7596696,68036,493,55,1,,,7590520.00,
05/07/2012,798.6507,895.6000,0.00,895.6000,895.6000,0.0000,0.0000,7596696,68036,0,0,0,,,7590520.00,
04/07/2012,798.6507,895.6000,0.00,895.6000,895.6000,0.0000,0.0000,7596696,68036,0,0,0,,,7590520.00,
03/07/2012,798.6507,895.6000,0.00,895.6000,895.6000,0.0000,0.0000,7596696,68036,0,0,0,,,7590520.00,
02/07/2012,798.6507,895.6000,0.00,895.6000,895.6000,0.0000,0.0000,7596696,68036,0,0,0,,,7590520.00,
01/07/2012,798.6507,895.6000,2.42,874.4000,874.4000,895.6000,895.6000,7596696,68036,2060,230,1,,,7590520.00,
28/06/2012,779.7391,874.4000,0.00,874.4000,874.4000,874.4000,874.4000,7596696,66426,49220,5629,11,,,7590520.00,
27/06/2012,779.7391,874.4000,2.44,853.6000,853.6000,874.4000,874.4000,7596696,66426,4005,458,2,,,7590520.00,
26/06/2012,761.1972,853.6000,0.00,853.6000,853.6000,853.6000,853.6000,7596696,64845,51,6,1,,,7590520.00,
25/06/2012,761.1972,853.6000,-3.06,880.5000,880.5000,859.1000,838.2000,7596696,64845,8690,1018,5,,,7590520.00,
24/06/2012,785.1870,880.5000,0.00,880.5000,880.5000,0.0000,0.0000,7596696,66889,0,0,0,,,7590520.00,
21/06/2012,785.1870,880.5000,-2.79,905.8000,905.8000,884.0000,863.0000,7596696,66889,11552,1312,5,,,7590520.00,
20/06/2012,807.7464,905.8000,-1.18,916.6000,916.6000,923.0000,872.1000,7596696,68811,25615,2828,14,,,7590520.00,
19/06/2012,817.3726,916.6000,-5.36,968.5000,968.5000,945.0000,895.0000,7596696,69631,36151,3944,13,,,7590520.00,
18/06/2012,863.6660,968.5000,-2.43,992.6000,992.6000,968.5000,968.5000,7596696,73574,2847,294,1,,,7590520.00,
17/06/2012,885.1546,992.6000,-4.10,1035.0000,1035.0000,1000.0000,990.0000,7596696,75405,2968,299,3,,,7590520.00,
14/06/2012,922.9587,1035.0000,2.27,1012.0000,1012.0000,1035.0000,1034.0000,7596696,78626,21432,2071,10,,,7590520.00,
13/06/2012,902.4554,1012.0000,0.00,1012.0000,1012.0000,1012.0000,1012.0000,7596696,76879,304,30,2,,,7590520.00,
12/06/2012,902.4554,1012.0000,0.00,1012.0000,1012.0000,1012.0000,1012.0000,7596696,76879,1245,123,1,,,7590520.00,
11/06/2012,902.4554,1012.0000,0.00,1012.0000,1012.0000,0.0000,0.0000,7596696,76879,0,0,0,,,7590520.00,
10/06/2012,902.4554,1012.0000,0.00,1012.0000,1012.0000,0.0000,0.0000,7596696,76879,0,0,0,,,7590520.00,
07/06/2012,902.4554,1012.0000,0.00,1012.0000,1012.0000,1012.0000,1012.0000,7596696,76879,10,1,1,,,7590520.00,
06/06/2012,902.4554,1012.0000,4.68,966.8000,966.8000,1039.0000,990.3000,7596696,76879,5696,563,5,,,7590520.00,
05/06/2012,862.1501,966.8000,6.63,906.7000,906.7000,982.8000,928.8000,7596696,73445,17257,1785,6,,,7590520.00,
04/06/2012,808.5517,906.7000,1.19,896.0000,896.0000,936.0000,936.0000,7596696,68879,552,59,2,,,7590520.00,
03/06/2012,799.0012,896.0000,0.00,896.0000,896.0000,896.0000,896.0000,7596696,68066,708,79,2,,,7590520.00,
31/05/2012,799.0012,896.0000,0.00,896.0000,896.0000,0.0000,0.0000,7596696,68066,0,0,0,,,7590520.00,
